1
4
99999999999999999999999999999999999999999999999999999999999999999999999999999999999999999999999999990,99999999999999999999999999999999999999999999999999999999999999999999999999999999999999999999999999990
99999999999999999999999999999999999999999999999999999999999999999999999999999999999999999999999999991,99999999999999999999999999999999999999999999999999999999999999999999999999999999999999999999999999990
99999999999999999999999999999999999999999999999999999999999999999999999999999999999999999999999999991,99999999999999999999999999999999999999999999999999999999999999999999999999999999999999999999999999991
99999999999999999999999999999999999999999999999999999999999999999999999999999999999999999999999999990,99999999999999999999999999999999999999999999999999999999999999999999999999999999999999999999999999991
4
99999999999999999999999999999999999999999999999999999999999999999999999999999999999999999999999999990,99999999999999999999999999999999999999999999999999999999999999999999999999999999999999999999999999990 99999999999999999999999999999999999999999999999999999999999999999999999999999999999999999999999999990,99999999999999999999999999999999999999999999999999999999999999999999999999999999999999999999999999991
99999999999999999999999999999999999999999999999999999999999999999999999999999999999999999999999999991,99999999999999999999999999999999999999999999999999999999999999999999999999999999999999999999999999990 99999999999999999999999999999999999999999999999999999999999999999999999999999999999999999999999999991,99999999999999999999999999999999999999999999999999999999999999999999999999999999999999999999999999991
99999999999999999999999999999999999999999999999999999999999999999999999999999999999999999999999999990,99999999999999999999999999999999999999999999999999999999999999999999999999999999999999999999999999990 99999999999999999999999999999999999999999999999999999999999999999999999999999999999999999999999999991,99999999999999999999999999999999999999999999999999999999999999999999999999999999999999999999999999990
99999999999999999999999999999999999999999999999999999999999999999999999999999999999999999999999999990,99999999999999999999999999999999999999999999999999999999999999999999999999999999999999999999999999991 99999999999999999999999999999999999999999999999999999999999999999999999999999999999999999999999999991,99999999999999999999999999999999999999999999999999999999999999999999999999999999999999999999999999991
