1
4
89999999999999999999999999999999999999999999999999999999999999999999999999999999999999999999999999990,89999999999999999999999999999999999999999999999999999999999999999999999999999999999999999999999999990
89999999999999999999999999999999999999999999999999999999999999999999999999999999999999999999999999991,89999999999999999999999999999999999999999999999999999999999999999999999999999999999999999999999999990
89999999999999999999999999999999999999999999999999999999999999999999999999999999999999999999999999991,89999999999999999999999999999999999999999999999999999999999999999999999999999999999999999999999999991
89999999999999999999999999999999999999999999999999999999999999999999999999999999999999999999999999990,89999999999999999999999999999999999999999999999999999999999999999999999999999999999999999999999999991
4
89999999999999999999999999999999999999999999999999999999999999999999999999999999999999999999999999990,89999999999999999999999999999999999999999999999999999999999999999999999999999999999999999999999999990 89999999999999999999999999999999999999999999999999999999999999999999999999999999999999999999999999990,89999999999999999999999999999999999999999999999999999999999999999999999999999999999999999999999999991
89999999999999999999999999999999999999999999999999999999999999999999999999999999999999999999999999991,89999999999999999999999999999999999999999999999999999999999999999999999999999999999999999999999999990 89999999999999999999999999999999999999999999999999999999999999999999999999999999999999999999999999991,89999999999999999999999999999999999999999999999999999999999999999999999999999999999999999999999999991
89999999999999999999999999999999999999999999999999999999999999999999999999999999999999999999999999990,89999999999999999999999999999999999999999999999999999999999999999999999999999999999999999999999999990 89999999999999999999999999999999999999999999999999999999999999999999999999999999999999999999999999991,89999999999999999999999999999999999999999999999999999999999999999999999999999999999999999999999999990
89999999999999999999999999999999999999999999999999999999999999999999999999999999999999999999999999990,89999999999999999999999999999999999999999999999999999999999999999999999999999999999999999999999999991 89999999999999999999999999999999999999999999999999999999999999999999999999999999999999999999999999991,89999999999999999999999999999999999999999999999999999999999999999999999999999999999999999999999999991
