1
4
159999999999999999999999999999999999999999999999999999999999999999999999999999999999999999999999999990,159999999999999999999999999999999999999999999999999999999999999999999999999999999999999999999999999990
159999999999999999999999999999999999999999999999999999999999999999999999999999999999999999999999999991,159999999999999999999999999999999999999999999999999999999999999999999999999999999999999999999999999990
159999999999999999999999999999999999999999999999999999999999999999999999999999999999999999999999999991,159999999999999999999999999999999999999999999999999999999999999999999999999999999999999999999999999991
159999999999999999999999999999999999999999999999999999999999999999999999999999999999999999999999999990,159999999999999999999999999999999999999999999999999999999999999999999999999999999999999999999999999991
4
159999999999999999999999999999999999999999999999999999999999999999999999999999999999999999999999999990,159999999999999999999999999999999999999999999999999999999999999999999999999999999999999999999999999990 159999999999999999999999999999999999999999999999999999999999999999999999999999999999999999999999999990,159999999999999999999999999999999999999999999999999999999999999999999999999999999999999999999999999991
159999999999999999999999999999999999999999999999999999999999999999999999999999999999999999999999999991,159999999999999999999999999999999999999999999999999999999999999999999999999999999999999999999999999990 159999999999999999999999999999999999999999999999999999999999999999999999999999999999999999999999999991,159999999999999999999999999999999999999999999999999999999999999999999999999999999999999999999999999991
159999999999999999999999999999999999999999999999999999999999999999999999999999999999999999999999999990,159999999999999999999999999999999999999999999999999999999999999999999999999999999999999999999999999990 159999999999999999999999999999999999999999999999999999999999999999999999999999999999999999999999999991,159999999999999999999999999999999999999999999999999999999999999999999999999999999999999999999999999990
159999999999999999999999999999999999999999999999999999999999999999999999999999999999999999999999999990,159999999999999999999999999999999999999999999999999999999999999999999999999999999999999999999999999991 159999999999999999999999999999999999999999999999999999999999999999999999999999999999999999999999999991,159999999999999999999999999999999999999999999999999999999999999999999999999999999999999999999999999991
