1
4
169999999999999999999999999999999999999999999999999999999999999999999999999999999999999999999999999990,169999999999999999999999999999999999999999999999999999999999999999999999999999999999999999999999999990
169999999999999999999999999999999999999999999999999999999999999999999999999999999999999999999999999991,169999999999999999999999999999999999999999999999999999999999999999999999999999999999999999999999999990
169999999999999999999999999999999999999999999999999999999999999999999999999999999999999999999999999991,169999999999999999999999999999999999999999999999999999999999999999999999999999999999999999999999999991
169999999999999999999999999999999999999999999999999999999999999999999999999999999999999999999999999990,169999999999999999999999999999999999999999999999999999999999999999999999999999999999999999999999999991
4
169999999999999999999999999999999999999999999999999999999999999999999999999999999999999999999999999990,169999999999999999999999999999999999999999999999999999999999999999999999999999999999999999999999999990 169999999999999999999999999999999999999999999999999999999999999999999999999999999999999999999999999990,169999999999999999999999999999999999999999999999999999999999999999999999999999999999999999999999999991
169999999999999999999999999999999999999999999999999999999999999999999999999999999999999999999999999991,169999999999999999999999999999999999999999999999999999999999999999999999999999999999999999999999999990 169999999999999999999999999999999999999999999999999999999999999999999999999999999999999999999999999991,169999999999999999999999999999999999999999999999999999999999999999999999999999999999999999999999999991
169999999999999999999999999999999999999999999999999999999999999999999999999999999999999999999999999990,169999999999999999999999999999999999999999999999999999999999999999999999999999999999999999999999999990 169999999999999999999999999999999999999999999999999999999999999999999999999999999999999999999999999991,169999999999999999999999999999999999999999999999999999999999999999999999999999999999999999999999999990
169999999999999999999999999999999999999999999999999999999999999999999999999999999999999999999999999990,169999999999999999999999999999999999999999999999999999999999999999999999999999999999999999999999999991 169999999999999999999999999999999999999999999999999999999999999999999999999999999999999999999999999991,169999999999999999999999999999999999999999999999999999999999999999999999999999999999999999999999999991
