1
4
179999999999999999999999999999999999999999999999999999999999999999999999999999999999999999999999999990,179999999999999999999999999999999999999999999999999999999999999999999999999999999999999999999999999990
179999999999999999999999999999999999999999999999999999999999999999999999999999999999999999999999999991,179999999999999999999999999999999999999999999999999999999999999999999999999999999999999999999999999990
179999999999999999999999999999999999999999999999999999999999999999999999999999999999999999999999999991,179999999999999999999999999999999999999999999999999999999999999999999999999999999999999999999999999991
179999999999999999999999999999999999999999999999999999999999999999999999999999999999999999999999999990,179999999999999999999999999999999999999999999999999999999999999999999999999999999999999999999999999991
4
179999999999999999999999999999999999999999999999999999999999999999999999999999999999999999999999999990,179999999999999999999999999999999999999999999999999999999999999999999999999999999999999999999999999990 179999999999999999999999999999999999999999999999999999999999999999999999999999999999999999999999999990,179999999999999999999999999999999999999999999999999999999999999999999999999999999999999999999999999991
179999999999999999999999999999999999999999999999999999999999999999999999999999999999999999999999999991,179999999999999999999999999999999999999999999999999999999999999999999999999999999999999999999999999990 179999999999999999999999999999999999999999999999999999999999999999999999999999999999999999999999999991,179999999999999999999999999999999999999999999999999999999999999999999999999999999999999999999999999991
179999999999999999999999999999999999999999999999999999999999999999999999999999999999999999999999999990,179999999999999999999999999999999999999999999999999999999999999999999999999999999999999999999999999990 179999999999999999999999999999999999999999999999999999999999999999999999999999999999999999999999999991,179999999999999999999999999999999999999999999999999999999999999999999999999999999999999999999999999990
179999999999999999999999999999999999999999999999999999999999999999999999999999999999999999999999999990,179999999999999999999999999999999999999999999999999999999999999999999999999999999999999999999999999991 179999999999999999999999999999999999999999999999999999999999999999999999999999999999999999999999999991,179999999999999999999999999999999999999999999999999999999999999999999999999999999999999999999999999991
