1
4
189999999999999999999999999999999999999999999999999999999999999999999999999999999999999999999999999990,189999999999999999999999999999999999999999999999999999999999999999999999999999999999999999999999999990
189999999999999999999999999999999999999999999999999999999999999999999999999999999999999999999999999991,189999999999999999999999999999999999999999999999999999999999999999999999999999999999999999999999999990
189999999999999999999999999999999999999999999999999999999999999999999999999999999999999999999999999991,189999999999999999999999999999999999999999999999999999999999999999999999999999999999999999999999999991
189999999999999999999999999999999999999999999999999999999999999999999999999999999999999999999999999990,189999999999999999999999999999999999999999999999999999999999999999999999999999999999999999999999999991
4
189999999999999999999999999999999999999999999999999999999999999999999999999999999999999999999999999990,189999999999999999999999999999999999999999999999999999999999999999999999999999999999999999999999999990 189999999999999999999999999999999999999999999999999999999999999999999999999999999999999999999999999990,189999999999999999999999999999999999999999999999999999999999999999999999999999999999999999999999999991
189999999999999999999999999999999999999999999999999999999999999999999999999999999999999999999999999991,189999999999999999999999999999999999999999999999999999999999999999999999999999999999999999999999999990 189999999999999999999999999999999999999999999999999999999999999999999999999999999999999999999999999991,189999999999999999999999999999999999999999999999999999999999999999999999999999999999999999999999999991
189999999999999999999999999999999999999999999999999999999999999999999999999999999999999999999999999990,189999999999999999999999999999999999999999999999999999999999999999999999999999999999999999999999999990 189999999999999999999999999999999999999999999999999999999999999999999999999999999999999999999999999991,189999999999999999999999999999999999999999999999999999999999999999999999999999999999999999999999999990
189999999999999999999999999999999999999999999999999999999999999999999999999999999999999999999999999990,189999999999999999999999999999999999999999999999999999999999999999999999999999999999999999999999999991 189999999999999999999999999999999999999999999999999999999999999999999999999999999999999999999999999991,189999999999999999999999999999999999999999999999999999999999999999999999999999999999999999999999999991
