1
4
199999999999999999999999999999999999999999999999999999999999999999999999999999999999999999999999999990,199999999999999999999999999999999999999999999999999999999999999999999999999999999999999999999999999990
199999999999999999999999999999999999999999999999999999999999999999999999999999999999999999999999999991,199999999999999999999999999999999999999999999999999999999999999999999999999999999999999999999999999990
199999999999999999999999999999999999999999999999999999999999999999999999999999999999999999999999999991,199999999999999999999999999999999999999999999999999999999999999999999999999999999999999999999999999991
199999999999999999999999999999999999999999999999999999999999999999999999999999999999999999999999999990,199999999999999999999999999999999999999999999999999999999999999999999999999999999999999999999999999991
4
199999999999999999999999999999999999999999999999999999999999999999999999999999999999999999999999999990,199999999999999999999999999999999999999999999999999999999999999999999999999999999999999999999999999990 199999999999999999999999999999999999999999999999999999999999999999999999999999999999999999999999999990,199999999999999999999999999999999999999999999999999999999999999999999999999999999999999999999999999991
199999999999999999999999999999999999999999999999999999999999999999999999999999999999999999999999999991,199999999999999999999999999999999999999999999999999999999999999999999999999999999999999999999999999990 199999999999999999999999999999999999999999999999999999999999999999999999999999999999999999999999999991,199999999999999999999999999999999999999999999999999999999999999999999999999999999999999999999999999991
199999999999999999999999999999999999999999999999999999999999999999999999999999999999999999999999999990,199999999999999999999999999999999999999999999999999999999999999999999999999999999999999999999999999990 199999999999999999999999999999999999999999999999999999999999999999999999999999999999999999999999999991,199999999999999999999999999999999999999999999999999999999999999999999999999999999999999999999999999990
199999999999999999999999999999999999999999999999999999999999999999999999999999999999999999999999999990,199999999999999999999999999999999999999999999999999999999999999999999999999999999999999999999999999991 199999999999999999999999999999999999999999999999999999999999999999999999999999999999999999999999999991,199999999999999999999999999999999999999999999999999999999999999999999999999999999999999999999999999991
