1
4
209999999999999999999999999999999999999999999999999999999999999999999999999999999999999999999999999990,209999999999999999999999999999999999999999999999999999999999999999999999999999999999999999999999999990
209999999999999999999999999999999999999999999999999999999999999999999999999999999999999999999999999991,209999999999999999999999999999999999999999999999999999999999999999999999999999999999999999999999999990
209999999999999999999999999999999999999999999999999999999999999999999999999999999999999999999999999991,209999999999999999999999999999999999999999999999999999999999999999999999999999999999999999999999999991
209999999999999999999999999999999999999999999999999999999999999999999999999999999999999999999999999990,209999999999999999999999999999999999999999999999999999999999999999999999999999999999999999999999999991
4
209999999999999999999999999999999999999999999999999999999999999999999999999999999999999999999999999990,209999999999999999999999999999999999999999999999999999999999999999999999999999999999999999999999999990 209999999999999999999999999999999999999999999999999999999999999999999999999999999999999999999999999990,209999999999999999999999999999999999999999999999999999999999999999999999999999999999999999999999999991
209999999999999999999999999999999999999999999999999999999999999999999999999999999999999999999999999991,209999999999999999999999999999999999999999999999999999999999999999999999999999999999999999999999999990 209999999999999999999999999999999999999999999999999999999999999999999999999999999999999999999999999991,209999999999999999999999999999999999999999999999999999999999999999999999999999999999999999999999999991
209999999999999999999999999999999999999999999999999999999999999999999999999999999999999999999999999990,209999999999999999999999999999999999999999999999999999999999999999999999999999999999999999999999999990 209999999999999999999999999999999999999999999999999999999999999999999999999999999999999999999999999991,209999999999999999999999999999999999999999999999999999999999999999999999999999999999999999999999999990
209999999999999999999999999999999999999999999999999999999999999999999999999999999999999999999999999990,209999999999999999999999999999999999999999999999999999999999999999999999999999999999999999999999999991 209999999999999999999999999999999999999999999999999999999999999999999999999999999999999999999999999991,209999999999999999999999999999999999999999999999999999999999999999999999999999999999999999999999999991
