1
4
219999999999999999999999999999999999999999999999999999999999999999999999999999999999999999999999999990,219999999999999999999999999999999999999999999999999999999999999999999999999999999999999999999999999990
219999999999999999999999999999999999999999999999999999999999999999999999999999999999999999999999999991,219999999999999999999999999999999999999999999999999999999999999999999999999999999999999999999999999990
219999999999999999999999999999999999999999999999999999999999999999999999999999999999999999999999999991,219999999999999999999999999999999999999999999999999999999999999999999999999999999999999999999999999991
219999999999999999999999999999999999999999999999999999999999999999999999999999999999999999999999999990,219999999999999999999999999999999999999999999999999999999999999999999999999999999999999999999999999991
4
219999999999999999999999999999999999999999999999999999999999999999999999999999999999999999999999999990,219999999999999999999999999999999999999999999999999999999999999999999999999999999999999999999999999990 219999999999999999999999999999999999999999999999999999999999999999999999999999999999999999999999999990,219999999999999999999999999999999999999999999999999999999999999999999999999999999999999999999999999991
219999999999999999999999999999999999999999999999999999999999999999999999999999999999999999999999999991,219999999999999999999999999999999999999999999999999999999999999999999999999999999999999999999999999990 219999999999999999999999999999999999999999999999999999999999999999999999999999999999999999999999999991,219999999999999999999999999999999999999999999999999999999999999999999999999999999999999999999999999991
219999999999999999999999999999999999999999999999999999999999999999999999999999999999999999999999999990,219999999999999999999999999999999999999999999999999999999999999999999999999999999999999999999999999990 219999999999999999999999999999999999999999999999999999999999999999999999999999999999999999999999999991,219999999999999999999999999999999999999999999999999999999999999999999999999999999999999999999999999990
219999999999999999999999999999999999999999999999999999999999999999999999999999999999999999999999999990,219999999999999999999999999999999999999999999999999999999999999999999999999999999999999999999999999991 219999999999999999999999999999999999999999999999999999999999999999999999999999999999999999999999999991,219999999999999999999999999999999999999999999999999999999999999999999999999999999999999999999999999991
