1
4
229999999999999999999999999999999999999999999999999999999999999999999999999999999999999999999999999990,229999999999999999999999999999999999999999999999999999999999999999999999999999999999999999999999999990
229999999999999999999999999999999999999999999999999999999999999999999999999999999999999999999999999991,229999999999999999999999999999999999999999999999999999999999999999999999999999999999999999999999999990
229999999999999999999999999999999999999999999999999999999999999999999999999999999999999999999999999991,229999999999999999999999999999999999999999999999999999999999999999999999999999999999999999999999999991
229999999999999999999999999999999999999999999999999999999999999999999999999999999999999999999999999990,229999999999999999999999999999999999999999999999999999999999999999999999999999999999999999999999999991
4
229999999999999999999999999999999999999999999999999999999999999999999999999999999999999999999999999990,229999999999999999999999999999999999999999999999999999999999999999999999999999999999999999999999999990 229999999999999999999999999999999999999999999999999999999999999999999999999999999999999999999999999990,229999999999999999999999999999999999999999999999999999999999999999999999999999999999999999999999999991
229999999999999999999999999999999999999999999999999999999999999999999999999999999999999999999999999991,229999999999999999999999999999999999999999999999999999999999999999999999999999999999999999999999999990 229999999999999999999999999999999999999999999999999999999999999999999999999999999999999999999999999991,229999999999999999999999999999999999999999999999999999999999999999999999999999999999999999999999999991
229999999999999999999999999999999999999999999999999999999999999999999999999999999999999999999999999990,229999999999999999999999999999999999999999999999999999999999999999999999999999999999999999999999999990 229999999999999999999999999999999999999999999999999999999999999999999999999999999999999999999999999991,229999999999999999999999999999999999999999999999999999999999999999999999999999999999999999999999999990
229999999999999999999999999999999999999999999999999999999999999999999999999999999999999999999999999990,229999999999999999999999999999999999999999999999999999999999999999999999999999999999999999999999999991 229999999999999999999999999999999999999999999999999999999999999999999999999999999999999999999999999991,229999999999999999999999999999999999999999999999999999999999999999999999999999999999999999999999999991
