1
4
239999999999999999999999999999999999999999999999999999999999999999999999999999999999999999999999999990,239999999999999999999999999999999999999999999999999999999999999999999999999999999999999999999999999990
239999999999999999999999999999999999999999999999999999999999999999999999999999999999999999999999999991,239999999999999999999999999999999999999999999999999999999999999999999999999999999999999999999999999990
239999999999999999999999999999999999999999999999999999999999999999999999999999999999999999999999999991,239999999999999999999999999999999999999999999999999999999999999999999999999999999999999999999999999991
239999999999999999999999999999999999999999999999999999999999999999999999999999999999999999999999999990,239999999999999999999999999999999999999999999999999999999999999999999999999999999999999999999999999991
4
239999999999999999999999999999999999999999999999999999999999999999999999999999999999999999999999999990,239999999999999999999999999999999999999999999999999999999999999999999999999999999999999999999999999990 239999999999999999999999999999999999999999999999999999999999999999999999999999999999999999999999999990,239999999999999999999999999999999999999999999999999999999999999999999999999999999999999999999999999991
239999999999999999999999999999999999999999999999999999999999999999999999999999999999999999999999999991,239999999999999999999999999999999999999999999999999999999999999999999999999999999999999999999999999990 239999999999999999999999999999999999999999999999999999999999999999999999999999999999999999999999999991,239999999999999999999999999999999999999999999999999999999999999999999999999999999999999999999999999991
239999999999999999999999999999999999999999999999999999999999999999999999999999999999999999999999999990,239999999999999999999999999999999999999999999999999999999999999999999999999999999999999999999999999990 239999999999999999999999999999999999999999999999999999999999999999999999999999999999999999999999999991,239999999999999999999999999999999999999999999999999999999999999999999999999999999999999999999999999990
239999999999999999999999999999999999999999999999999999999999999999999999999999999999999999999999999990,239999999999999999999999999999999999999999999999999999999999999999999999999999999999999999999999999991 239999999999999999999999999999999999999999999999999999999999999999999999999999999999999999999999999991,239999999999999999999999999999999999999999999999999999999999999999999999999999999999999999999999999991
