1
4
249999999999999999999999999999999999999999999999999999999999999999999999999999999999999999999999999990,249999999999999999999999999999999999999999999999999999999999999999999999999999999999999999999999999990
249999999999999999999999999999999999999999999999999999999999999999999999999999999999999999999999999991,249999999999999999999999999999999999999999999999999999999999999999999999999999999999999999999999999990
249999999999999999999999999999999999999999999999999999999999999999999999999999999999999999999999999991,249999999999999999999999999999999999999999999999999999999999999999999999999999999999999999999999999991
249999999999999999999999999999999999999999999999999999999999999999999999999999999999999999999999999990,249999999999999999999999999999999999999999999999999999999999999999999999999999999999999999999999999991
4
249999999999999999999999999999999999999999999999999999999999999999999999999999999999999999999999999990,249999999999999999999999999999999999999999999999999999999999999999999999999999999999999999999999999990 249999999999999999999999999999999999999999999999999999999999999999999999999999999999999999999999999990,249999999999999999999999999999999999999999999999999999999999999999999999999999999999999999999999999991
249999999999999999999999999999999999999999999999999999999999999999999999999999999999999999999999999991,249999999999999999999999999999999999999999999999999999999999999999999999999999999999999999999999999990 249999999999999999999999999999999999999999999999999999999999999999999999999999999999999999999999999991,249999999999999999999999999999999999999999999999999999999999999999999999999999999999999999999999999991
249999999999999999999999999999999999999999999999999999999999999999999999999999999999999999999999999990,249999999999999999999999999999999999999999999999999999999999999999999999999999999999999999999999999990 249999999999999999999999999999999999999999999999999999999999999999999999999999999999999999999999999991,249999999999999999999999999999999999999999999999999999999999999999999999999999999999999999999999999990
249999999999999999999999999999999999999999999999999999999999999999999999999999999999999999999999999990,249999999999999999999999999999999999999999999999999999999999999999999999999999999999999999999999999991 249999999999999999999999999999999999999999999999999999999999999999999999999999999999999999999999999991,249999999999999999999999999999999999999999999999999999999999999999999999999999999999999999999999999991
