1
5
0,0
1,0
1,15402092358872239/37875680186841000
168162813324288050/415372279431944421,1
0,1
7
0,0 1,0
0,0 0,1
1,0 1,15402092358872239/37875680186841000
4813407091256314526532712498099/11836693533873956595868936556001,4792099063644735757678933194001/11836693533873956595868936556001 168162813324288050/415372279431944421,1
4813407091256314526532712498099/11836693533873956595868936556001,4792099063644735757678933194001/11836693533873956595868936556001 1,15402092358872239/37875680186841000
1,15402092358872239/37875680186841000 168162813324288050/415372279431944421,1
0,1 168162813324288050/415372279431944421,1
