1
4
259999999999999999999999999999999999999999999999999999999999999999999999999999999999999999999999999990,259999999999999999999999999999999999999999999999999999999999999999999999999999999999999999999999999990
259999999999999999999999999999999999999999999999999999999999999999999999999999999999999999999999999991,259999999999999999999999999999999999999999999999999999999999999999999999999999999999999999999999999990
259999999999999999999999999999999999999999999999999999999999999999999999999999999999999999999999999991,259999999999999999999999999999999999999999999999999999999999999999999999999999999999999999999999999991
259999999999999999999999999999999999999999999999999999999999999999999999999999999999999999999999999990,259999999999999999999999999999999999999999999999999999999999999999999999999999999999999999999999999991
4
259999999999999999999999999999999999999999999999999999999999999999999999999999999999999999999999999990,259999999999999999999999999999999999999999999999999999999999999999999999999999999999999999999999999990 259999999999999999999999999999999999999999999999999999999999999999999999999999999999999999999999999990,259999999999999999999999999999999999999999999999999999999999999999999999999999999999999999999999999991
259999999999999999999999999999999999999999999999999999999999999999999999999999999999999999999999999991,259999999999999999999999999999999999999999999999999999999999999999999999999999999999999999999999999990 259999999999999999999999999999999999999999999999999999999999999999999999999999999999999999999999999991,259999999999999999999999999999999999999999999999999999999999999999999999999999999999999999999999999991
259999999999999999999999999999999999999999999999999999999999999999999999999999999999999999999999999990,259999999999999999999999999999999999999999999999999999999999999999999999999999999999999999999999999990 259999999999999999999999999999999999999999999999999999999999999999999999999999999999999999999999999991,259999999999999999999999999999999999999999999999999999999999999999999999999999999999999999999999999990
259999999999999999999999999999999999999999999999999999999999999999999999999999999999999999999999999990,259999999999999999999999999999999999999999999999999999999999999999999999999999999999999999999999999991 259999999999999999999999999999999999999999999999999999999999999999999999999999999999999999999999999991,259999999999999999999999999999999999999999999999999999999999999999999999999999999999999999999999999991
