1
4
269999999999999999999999999999999999999999999999999999999999999999999999999999999999999999999999999990,269999999999999999999999999999999999999999999999999999999999999999999999999999999999999999999999999990
269999999999999999999999999999999999999999999999999999999999999999999999999999999999999999999999999991,269999999999999999999999999999999999999999999999999999999999999999999999999999999999999999999999999990
269999999999999999999999999999999999999999999999999999999999999999999999999999999999999999999999999991,269999999999999999999999999999999999999999999999999999999999999999999999999999999999999999999999999991
269999999999999999999999999999999999999999999999999999999999999999999999999999999999999999999999999990,269999999999999999999999999999999999999999999999999999999999999999999999999999999999999999999999999991
4
269999999999999999999999999999999999999999999999999999999999999999999999999999999999999999999999999990,269999999999999999999999999999999999999999999999999999999999999999999999999999999999999999999999999990 269999999999999999999999999999999999999999999999999999999999999999999999999999999999999999999999999990,269999999999999999999999999999999999999999999999999999999999999999999999999999999999999999999999999991
269999999999999999999999999999999999999999999999999999999999999999999999999999999999999999999999999991,269999999999999999999999999999999999999999999999999999999999999999999999999999999999999999999999999990 269999999999999999999999999999999999999999999999999999999999999999999999999999999999999999999999999991,269999999999999999999999999999999999999999999999999999999999999999999999999999999999999999999999999991
269999999999999999999999999999999999999999999999999999999999999999999999999999999999999999999999999990,269999999999999999999999999999999999999999999999999999999999999999999999999999999999999999999999999990 269999999999999999999999999999999999999999999999999999999999999999999999999999999999999999999999999991,269999999999999999999999999999999999999999999999999999999999999999999999999999999999999999999999999990
269999999999999999999999999999999999999999999999999999999999999999999999999999999999999999999999999990,269999999999999999999999999999999999999999999999999999999999999999999999999999999999999999999999999991 269999999999999999999999999999999999999999999999999999999999999999999999999999999999999999999999999991,269999999999999999999999999999999999999999999999999999999999999999999999999999999999999999999999999991
