1
5
7746191359077253/9007199254740992,0
1,0
1,1
0,1
0,3422735716801577/4503599627370496
7
7746191359077253/9007199254740992,0 1,0
0,3422735716801577/4503599627370496 0,1
1,0 1,1
7746191359077253/9007199254740992,0 90747559665150424712342090896191930622195326037/120318122293266581881144186658537197036529254400,205376056084287797714634030155915742502186216193/240636244586533163762288373317074394073058508800
7746191359077253/9007199254740992,0 0,3422735716801577/4503599627370496
0,3422735716801577/4503599627370496 90747559665150424712342090896191930622195326037/120318122293266581881144186658537197036529254400,205376056084287797714634030155915742502186216193/240636244586533163762288373317074394073058508800
0,1 1,1
