82
0/1 13/30
1/30 7/15
1/15 2/5
1/15 13/30
1/15 7/15
1/15 1/2
1/10 1/3
1/10 7/15
2/15 1/10
2/15 2/15
2/15 4/15
2/15 3/10
2/15 1/3
2/15 11/30
2/15 2/5
2/15 13/30
2/15 7/15
2/15 1/2
2/15 17/30
3/20 31/60
1/6 1/10
1/6 2/15
1/6 7/30
1/6 4/15
1/6 1/3
1/6 2/5
1/6 7/15
1/6 1/2
1/6 8/15
1/5 3/10
1/5 13/30
1/5 7/15
1/5 1/2
1/5 17/30
1/5 19/30
13/60 11/60
13/60 9/20
7/30 0/1
7/30 1/10
7/30 2/15
7/30 1/6
7/30 1/5
7/30 4/15
7/30 3/10
7/30 1/3
7/30 2/5
7/30 13/30
7/30 7/15
7/30 3/5
1/4 3/20
4/15 2/15
4/15 1/6
4/15 7/30
4/15 3/10
4/15 1/3
4/15 2/5
4/15 13/30
4/15 7/15
4/15 1/2
17/60 3/20
3/10 0/1
3/10 1/10
3/10 2/15
3/10 1/5
3/10 2/5
3/10 13/30
3/10 7/15
3/10 1/2
1/3 3/10
1/3 1/3
1/3 11/30
1/3 2/5
1/3 13/30
1/3 7/15
1/3 1/2
11/30 2/15
11/30 1/3
11/30 2/5
11/30 13/30
11/30 7/15
2/5 2/5
2/5 13/30
87
6  0 6 13 14 2 3
3  0 3 1
3  1 3 4
4  2 14 15 3
3  3 7 4
4  3 15 16 7
4  4 7 17 5
3  5 17 18
3  6 12 13
3  7 16 17
3  8 21 9
5  8 37 38 20 21
4  9 21 22 10
3  10 22 23
3  10 23 11
5  11 23 41 42 29
4  11 29 24 12
3  12 24 13
3  13 25 14
5  13 24 44 45 25
4  14 25 30 15
4  15 30 26 16
3  16 26 17
4  17 19 28 18
4  17 26 31 27
3  17 27 19
5  18 28 33 48 34
3  19 27 28
4  20 38 39 21
3  21 35 22
4  21 39 40 35
4  22 35 41 23
4  24 29 43 44
4  25 45 46 30
4  26 30 36 31
3  27 31 32
3  27 32 28
3  28 32 33
3  29 42 43
3  30 46 36
3  31 36 47
3  31 47 32
4  32 47 57 58
3  32 58 33
5  33 58 67 74 48
3  35 40 41
3  36 46 47
4  37 60 61 38
3  38 50 39
4  38 61 62 50
3  39 49 40
3  39 50 49
4  40 49 51 41
3  41 52 42
3  41 51 52
4  42 52 53 43
4  43 53 54 44
4  44 54 55 45
3  45 55 46
3  46 55 56
3  46 56 47
3  47 56 57
3  49 50 51
3  50 59 51
3  50 62 59
3  51 63 52
4  51 59 62 63
3  52 68 53
6  52 63 62 75 76 68
4  53 68 69 54
5  54 69 70 64 55
3  55 64 56
5  56 64 71 72 65
4  56 65 66 57
4  57 66 67 58
3  64 70 71
4  65 72 73 66
3  66 74 67
3  66 73 74
3  68 76 69
3  69 76 70
4  70 76 77 71
4  71 77 78 72
4  72 78 79 73
3  73 79 74
4  77 80 81 78
3  78 81 79
