77
0/1 3/10
1/30 4/15
1/30 1/3
1/15 1/15
1/15 7/30
1/15 4/15
1/15 3/10
1/15 1/3
1/10 0/1
1/10 1/30
1/10 1/15
1/10 1/5
1/10 4/15
2/15 0/1
2/15 1/30
2/15 1/6
2/15 1/5
2/15 7/30
3/20 1/60
1/6 0/1
1/6 4/15
1/5 1/10
1/5 3/10
13/60 1/12
7/30 1/15
7/30 1/10
7/30 2/15
7/30 1/5
7/30 7/30
7/30 4/15
7/30 3/10
7/30 1/3
4/15 4/15
4/15 3/10
3/10 1/5
3/10 7/30
3/10 4/15
3/10 3/10
3/10 1/3
3/10 2/5
1/3 1/5
1/3 7/30
11/30 1/5
11/30 7/30
11/30 4/15
11/30 3/10
11/30 1/3
23/60 1/4
23/60 19/60
2/5 1/5
2/5 7/30
2/5 4/15
2/5 3/10
2/5 1/3
5/12 19/60
13/30 4/15
13/30 3/10
13/30 1/3
9/20 17/60
7/15 3/10
1/2 1/5
1/2 7/30
1/2 1/3
8/15 7/30
8/15 3/10
17/30 4/15
17/30 3/10
17/30 2/5
3/5 7/30
3/5 3/10
19/30 4/15
19/30 3/10
19/30 1/3
2/3 3/10
7/10 3/10
7/10 1/3
7/10 2/5
80
4  0 1 6 2
3  1 4 5
3  1 5 6
3  2 6 7
4  3 10 11 4
3  3 9 10
5  4 11 17 12 5
3  5 12 6
4  6 12 20 22
4  6 22 31 7
3  8 13 9
4  9 13 14 10
4  10 14 15 11
3  11 15 16
3  11 16 17
3  12 17 20
3  13 18 14
3  13 19 18
5  14 18 23 21 15
5  15 21 26 27 16
4  16 27 28 17
4  17 28 29 20
4  18 19 24 23
4  20 29 30 22
4  21 23 25 26
3  22 30 31
3  23 24 25
4  24 42 40 25
4  25 40 34 26
3  26 34 27
5  27 34 41 35 28
5  28 35 36 32 29
4  29 32 33 30
5  30 33 37 38 31
3  31 38 39
3  32 36 33
3  33 36 37
4  34 40 43 41
4  35 41 44 36
4  36 44 45 37
5  37 45 48 46 38
3  38 46 39
8  39 46 53 57 62 64 66 67
4  40 42 50 43
4  41 43 47 44
3  42 49 50
3  43 50 47
3  44 52 45
3  44 51 52
3  44 47 51
3  45 52 48
3  46 48 53
3  47 50 51
3  48 52 53
4  49 60 61 50
3  50 55 51
4  50 61 58 55
4  51 55 56 52
3  52 54 53
3  52 56 54
3  53 54 57
4  54 56 59 57
3  55 58 56
3  56 58 59
3  57 59 62
4  58 61 63 59
3  59 64 62
4  59 63 65 64
3  63 68 65
3  64 65 66
3  65 69 66
4  65 70 71 69
3  65 68 70
4  66 69 72 67
4  67 72 75 76
3  69 71 72
3  70 73 71
3  71 73 72
3  72 73 75
3  73 74 75
