72
0/1 17/60
1/60 4/15
1/60 3/10
1/20 7/30
1/20 4/15
1/20 1/3
1/12 7/30
1/12 3/10
1/10 11/60
7/60 1/5
7/60 4/15
3/20 2/15
3/20 1/6
3/20 1/5
3/20 7/30
3/20 4/15
3/20 3/10
3/20 1/3
1/6 7/60
11/60 2/15
11/60 1/6
11/60 1/5
11/60 7/30
11/60 4/15
11/60 3/10
11/60 1/3
13/60 1/6
13/60 1/5
13/60 7/30
13/60 4/15
13/60 3/10
13/60 1/3
13/60 11/30
13/60 13/30
1/4 1/5
1/4 7/30
1/4 4/15
1/4 3/10
1/4 1/3
4/15 1/60
17/60 0/1
17/60 1/30
17/60 1/6
17/60 1/5
17/60 7/30
17/60 4/15
17/60 3/10
17/60 1/3
17/60 11/30
17/60 13/30
19/60 0/1
19/60 1/30
19/60 1/6
19/60 1/5
19/60 4/15
19/60 3/10
19/60 1/3
19/60 11/30
19/60 2/5
7/20 1/6
7/20 1/5
7/20 7/30
7/20 4/15
7/20 3/10
7/20 1/3
7/20 11/30
7/20 2/5
23/60 1/5
23/60 4/15
23/60 1/3
9/20 1/5
9/20 4/15
87
3  0 1 2
3  1 3 4
3  1 4 2
7  2 4 6 14 15 10 7
3  2 7 5
4  3 8 9 6
3  3 6 4
4  5 7 16 17
3  6 9 14
3  7 10 16
4  8 11 12 9
4  9 12 13 14
3  10 15 16
3  11 19 12
3  11 18 19
4  12 19 26 20
4  12 20 21 13
4  13 21 22 14
3  14 23 15
3  14 22 23
4  15 23 24 16
3  16 25 17
3  16 24 25
4  18 39 41 19
4  19 41 42 26
4  20 26 27 21
3  21 28 22
3  21 27 28
4  22 28 29 23
3  23 30 24
3  23 29 30
3  24 30 25
3  25 30 31
3  25 31 32
3  26 34 27
4  26 42 43 34
4  27 34 35 28
3  28 36 29
3  28 35 36
3  29 36 30
3  30 38 31
3  30 36 37
3  30 37 38
3  31 38 32
3  32 49 33
3  32 38 48
3  32 48 49
3  34 44 35
3  34 43 44
3  35 44 36
3  36 46 37
3  36 44 45
3  36 45 46
3  37 46 38
3  38 46 47
3  38 47 48
3  39 40 41
4  40 50 51 41
4  41 51 52 42
4  42 52 53 43
4  43 53 54 44
3  44 54 45
3  45 54 46
3  46 56 47
3  46 54 55
3  46 55 56
4  47 56 57 48
3  48 58 49
3  48 57 58
4  52 59 60 53
4  53 60 61 54
3  54 63 55
3  54 62 63
3  54 61 62
3  55 63 56
3  56 63 64
4  56 64 65 57
3  57 65 58
3  58 65 66
3  59 67 60
3  60 67 61
5  61 67 71 68 62
4  62 68 69 63
3  63 69 64
3  64 69 65
3  67 70 71
3  68 71 69
