65
0/1 1/5
1/30 1/6
1/15 1/5
1/15 4/15
2/15 4/15
1/5 1/5
1/5 4/15
1/5 1/3
1/5 2/5
7/30 11/30
1/3 0/1
1/3 1/15
1/3 2/15
1/3 1/6
1/3 1/5
1/3 4/15
1/3 11/30
1/3 2/5
11/30 1/6
11/30 7/30
11/30 11/30
2/5 0/1
2/5 2/15
2/5 1/6
2/5 1/5
2/5 4/15
2/5 3/10
2/5 1/3
2/5 11/30
5/12 19/60
13/30 0/1
13/30 1/30
13/30 1/10
13/30 2/15
13/30 1/6
13/30 1/5
13/30 7/30
13/30 4/15
13/30 3/10
13/30 1/3
13/30 11/30
9/20 11/60
9/20 1/4
7/15 0/1
7/15 1/15
7/15 2/15
7/15 1/6
7/15 1/5
7/15 7/30
7/15 4/15
7/15 3/10
7/15 1/3
29/60 11/60
29/60 13/60
1/2 1/30
1/2 1/10
1/2 2/15
1/2 1/6
1/2 1/5
1/2 7/30
1/2 3/10
1/2 1/3
1/2 11/30
8/15 2/15
3/5 1/5
82
3  0 1 2
3  0 2 3
5  1 13 14 5 2
3  2 4 3
4  2 5 6 4
4  3 4 7 8
3  4 6 7
4  5 14 15 6
4  6 15 9 7
5  7 9 16 17 8
3  9 15 16
3  10 21 11
4  11 21 22 12
3  12 18 13
3  12 22 18
3  13 18 14
3  14 19 15
3  14 24 19
3  14 18 24
6  15 25 26 27 20 16
3  15 19 25
3  16 20 17
3  18 23 24
3  18 22 23
3  19 24 25
3  20 27 28
4  21 31 32 22
3  21 30 31
4  22 33 34 23
3  22 32 33
3  23 34 24
3  24 36 25
3  24 35 36
3  24 34 35
3  25 37 26
3  25 36 37
3  26 29 27
3  26 38 29
3  26 37 38
3  27 40 28
3  27 39 40
3  27 29 39
3  29 38 39
3  31 44 32
3  31 43 44
4  32 44 45 33
3  33 45 34
3  34 41 35
3  34 46 41
3  34 45 46
3  35 47 36
3  35 41 47
3  36 42 37
4  36 47 48 42
3  37 49 38
3  37 42 49
4  38 50 51 39
3  38 49 50
3  39 51 40
4  40 51 61 62
3  41 46 47
3  42 48 49
3  43 54 44
3  44 55 45
3  44 54 55
3  45 57 46
3  45 56 57
3  45 55 56
3  46 52 47
3  46 57 52
3  47 53 48
3  47 58 53
3  47 52 58
4  48 53 59 49
3  49 60 50
3  49 59 60
3  50 60 51
3  51 60 61
3  52 57 58
3  53 58 59
4  55 63 57 56
6  57 63 64 60 59 58
