81
0/1 1/15
0/1 1/6
0/1 1/5
0/1 4/15
0/1 1/3
1/15 2/15
1/15 1/6
1/15 1/5
1/15 4/15
1/15 3/10
1/15 1/3
1/10 1/6
1/10 1/5
1/10 4/15
1/10 1/3
2/15 1/15
2/15 1/5
2/15 7/30
3/20 13/60
1/6 1/6
1/6 1/5
1/6 7/30
1/6 4/15
1/6 1/3
11/60 1/4
1/5 7/30
1/5 4/15
1/5 1/3
13/60 1/4
7/30 1/6
7/30 7/30
7/30 4/15
7/30 3/10
7/30 1/3
1/4 11/60
1/4 17/60
4/15 0/1
4/15 1/15
4/15 1/6
4/15 1/5
4/15 7/30
4/15 4/15
17/60 13/60
17/60 1/4
3/10 0/1
3/10 1/15
3/10 2/15
3/10 1/6
3/10 1/5
3/10 7/30
1/3 2/15
1/3 1/6
1/3 1/5
1/3 7/30
11/30 0/1
11/30 1/15
11/30 1/10
11/30 2/15
11/30 1/6
11/30 1/5
11/30 1/3
2/5 1/15
2/5 1/10
2/5 2/15
5/12 1/20
5/12 1/12
13/30 0/1
13/30 1/15
13/30 1/10
13/30 2/15
9/20 1/60
9/20 1/12
9/20 7/60
7/15 0/1
7/15 1/30
7/15 1/15
7/15 1/10
7/15 2/15
7/15 1/5
1/2 2/15
1/2 1/5
93
5  0 15 5 6 1
4  1 6 7 2
4  2 7 8 3
5  3 8 9 10 4
3  5 11 6
5  5 15 29 19 11
4  6 11 12 7
4  7 12 13 8
3  8 13 9
3  9 14 10
4  9 13 22 14
3  11 16 12
4  11 19 20 16
3  12 17 13
4  12 16 18 17
3  13 17 22
3  14 22 23
4  15 37 38 29
3  16 20 18
4  17 18 21 22
3  18 20 21
5  19 29 34 25 20
3  20 25 21
3  21 24 22
4  21 25 26 24
3  22 24 26
4  22 26 27 23
3  25 28 26
4  25 34 39 30
3  25 30 28
3  26 28 31
4  26 31 32 27
3  28 30 31
3  29 38 34
3  30 40 31
3  30 39 40
3  31 35 32
3  31 40 41
3  31 41 35
6  32 35 41 43 60 33
3  34 38 39
4  36 44 45 37
4  37 45 46 38
3  38 47 39
3  38 46 47
3  39 42 40
3  39 48 42
3  39 47 48
3  40 43 41
3  40 49 43
3  40 42 49
3  42 48 49
5  43 49 53 59 60
4  44 54 55 45
3  45 55 46
5  46 55 56 50 47
3  47 51 48
3  47 50 51
3  48 52 49
3  48 51 52
3  49 52 53
3  50 57 51
3  50 56 57
3  51 58 52
3  51 57 58
3  52 59 53
3  52 58 59
3  54 66 55
3  55 61 56
5  55 66 70 64 61
3  56 62 57
4  56 61 65 62
3  57 63 58
4  57 62 68 63
4  58 63 69 59
4  59 69 77 78
3  61 67 65
3  61 64 67
3  62 65 68
4  63 68 72 69
4  64 70 74 67
4  65 67 71 68
3  66 73 70
3  67 75 71
3  67 74 75
3  68 76 72
3  68 71 76
3  69 72 77
3  70 73 74
3  71 75 76
3  72 76 77
3  76 79 77
4  77 79 80 78
