86
0/1 1/10
0/1 2/15
1/60 7/60
1/60 3/20
1/60 1/4
1/30 0/1
1/30 1/10
1/30 2/15
1/30 1/6
1/30 7/30
1/30 4/15
1/30 13/30
1/30 1/2
1/20 13/60
1/15 1/10
1/15 1/6
1/15 1/5
1/15 7/30
1/15 4/15
1/12 1/20
1/10 1/10
1/10 2/15
1/10 1/6
1/10 7/30
1/10 4/15
1/10 3/10
1/10 1/3
1/10 13/30
1/10 1/2
7/60 7/60
7/60 3/20
7/60 19/60
2/15 0/1
2/15 1/10
2/15 2/15
2/15 1/6
2/15 7/30
2/15 4/15
2/15 3/10
2/15 1/3
2/15 13/30
2/15 1/2
3/20 17/60
1/6 1/6
1/6 1/5
1/6 7/30
1/6 4/15
1/5 7/30
1/5 1/3
7/30 7/30
7/30 4/15
7/30 1/3
7/30 11/30
3/10 13/30
1/3 1/3
1/3 11/30
1/3 13/30
1/3 7/15
11/30 3/10
11/30 11/30
11/30 13/30
11/30 7/15
11/30 1/2
2/5 1/5
2/5 4/15
2/5 1/3
2/5 11/30
2/5 2/5
2/5 13/30
2/5 7/15
13/30 11/30
13/30 13/30
7/15 1/5
7/15 11/30
7/15 2/5
7/15 13/30
7/15 7/15
7/15 1/2
1/2 1/5
1/2 11/30
1/2 13/30
1/2 1/2
8/15 7/15
2/3 2/15
2/3 1/5
2/3 11/30
90
4  0 6 2 1
3  1 2 7
3  1 7 3
3  2 6 7
3  3 7 8
3  4 9 10
3  5 32 19
6  6 19 33 29 20 14
3  6 14 7
3  7 15 8
3  7 14 21
3  7 21 15
4  8 15 22 16
3  9 18 10
3  9 13 17
4  9 17 24 18
4  10 26 27 11
4  10 18 25 26
4  11 27 28 12
4  13 16 23 17
3  14 20 21
3  15 21 22
3  16 22 23
3  17 23 24
3  18 24 25
3  19 32 33
3  20 29 21
3  21 30 22
3  21 29 34
3  21 34 30
3  22 30 35
4  22 35 36 23
3  23 37 24
3  23 36 37
4  24 38 31 25
3  24 37 38
3  25 31 26
3  26 31 39
4  26 39 40 27
4  27 40 41 28
3  29 33 34
3  30 34 35
5  31 38 42 48 39
3  34 43 35
12  34 83 84 78 72 63 64 58 59 54 49 43
4  35 44 45 36
3  35 43 44
4  36 45 46 37
3  37 42 38
3  37 46 42
5  39 48 52 53 40
5  40 53 57 62 41
5  42 46 50 51 48
4  43 49 47 44
3  44 47 45
4  45 47 50 46
3  47 49 50
3  48 51 52
4  49 54 51 50
4  51 54 55 52
4  52 55 56 53
3  53 56 57
3  54 59 55
4  55 59 60 56
4  56 60 61 57
3  57 61 62
4  58 65 66 59
3  58 64 65
4  59 67 68 60
3  59 66 67
4  60 68 69 61
3  61 69 62
5  62 69 71 76 77
3  63 72 64
5  64 72 73 70 65
3  65 70 66
5  66 70 74 71 67
3  67 71 68
3  68 71 69
3  70 73 74
3  71 75 76
3  71 74 75
4  72 78 79 73
3  73 79 74
3  74 80 75
4  75 80 81 76
3  76 81 77
3  78 84 79
3  79 84 85
3  80 82 81
