70
0/1 7/15
1/60 29/60
1/15 1/6
1/15 2/5
1/15 13/30
1/15 7/15
1/15 8/15
2/15 4/15
2/15 3/10
2/15 1/3
2/15 11/30
2/15 2/5
2/15 7/15
2/15 3/5
2/15 19/30
1/6 0/1
1/6 1/6
1/6 4/15
1/6 3/10
1/6 1/3
1/6 11/30
1/6 13/30
1/6 7/15
1/6 19/30
11/60 19/60
1/5 0/1
1/5 1/30
1/5 4/15
1/5 1/3
7/30 1/30
7/30 1/15
7/30 1/6
7/30 4/15
7/30 11/30
1/4 13/60
4/15 1/6
4/15 1/5
4/15 7/30
4/15 4/15
4/15 1/3
17/60 11/60
17/60 13/60
17/60 1/4
3/10 1/6
3/10 1/5
3/10 7/30
3/10 4/15
19/60 3/20
19/60 13/60
19/60 17/60
1/3 2/15
1/3 1/6
1/3 1/5
1/3 7/30
1/3 4/15
1/3 3/10
1/3 1/3
1/3 11/30
1/3 7/15
1/3 19/30
11/30 1/6
11/30 1/3
2/5 2/15
2/5 1/6
2/5 1/5
2/5 1/3
2/5 11/30
2/5 7/15
13/30 2/15
13/30 1/6
74
4  0 3 4 1
4  1 4 5 6
7  2 16 17 7 8 9 3
4  3 9 10 4
4  4 10 11 5
3  5 11 12
3  5 12 6
3  6 12 13
3  7 18 8
3  7 17 18
3  8 18 9
4  9 18 19 10
4  10 19 20 11
4  11 20 21 12
3  12 21 22
4  12 22 23 13
3  13 23 14
6  15 25 26 30 31 16
6  16 31 36 34 27 17
3  17 27 18
3  18 24 19
4  18 27 32 24
4  19 24 28 20
4  20 28 33 21
4  21 33 58 22
3  22 58 23
3  23 58 59
4  24 32 38 28
3  25 29 26
3  26 29 30
4  27 34 37 32
3  28 38 39
3  28 39 33
4  29 50 47 30
5  30 47 43 35 31
3  31 35 36
3  32 37 38
5  33 39 56 57 58
3  34 36 37
3  35 40 36
3  35 43 40
3  36 41 37
3  36 44 41
3  36 40 44
3  37 42 38
3  37 45 42
3  37 41 45
4  38 46 49 39
3  38 42 46
4  39 49 55 56
4  40 43 51 44
4  41 44 48 45
4  42 45 54 46
3  43 47 51
3  44 52 48
3  44 51 52
3  45 53 54
3  45 48 53
3  46 54 49
3  47 50 51
3  48 52 53
3  49 54 55
3  51 60 52
4  52 64 54 53
4  52 60 63 64
4  54 65 61 55
3  54 64 65
3  55 61 56
4  56 61 66 57
4  57 66 67 58
3  60 62 63
3  61 65 66
4  62 68 69 63
3  63 69 64
