101
0/1 1/1
1/1 20/21
1/1 22/23
1/1 396/409
1/1 37/38
1/1 262/267
1/1 56/57
1/1 79/80
1/1 202/203
1/1 1/1
21677/21655 20966/21655
2014/2011 1958/2011
5317/5309 5140/5309
494/493 480/493
70755/70603 69278/70603
15105/15071 14806/15071
21200/21143 20878/21143
19669/19615 11548/11769
4199/4187 12340/12561
17680/17621 17400/17621
10759/10723 10670/10723
265/264 1/1
493/491 3420/3437
53000/52777 53042/52777
221/220 1/1
24645/24529 24794/24529
200/199 200/199
44255/44019 14938/14673
181/180 1/1
2491/2477 2530/2477
36743/36521 36340/36521
323/321 110/107
14480/14381 14200/14381
9259/9193 9390/9193
543/539 10060/10241
267/265 52/53
32899/32649 11080/10883
11229/11143 10946/11143
3940/3907 15431/15628
18321/18163 18360/18163
5713/5659 39416/39613
197/195 1/1
5713/5651 39360/39557
18321/18107 18304/18107
3940/3893 15375/15572
11229/11087 10890/11087
32899/32481 11024/10827
9259/9137 9334/9137
3743/3691 7185/7382
409/403 30/31
190/187 182/187
353/347 364/347
8075/7933 23374/23799
34000/33367 32942/33367
595/583 16822/16907
425/416 1/1
14899/14551 14868/14551
13175/12867 39026/38601
52939/51661 52612/51661
367/358 182/179
70975/69211 70486/69211
235/229 234/229
9827/9573 29036/28719
835/813 276/271
1209/1175 1188/1175
317/308 1/1
203/197 196/197
65/63 1/1
6045/5843 5908/5843
325/314 4959/5024
57/55 54/55
10855/10473 3556/3491
2000/1927 1902/1927
25/24 1/1
93/89 90/89
6435/6157 6482/6157
3159/3017 457/431
173/165 1/1
41/39 14/13
20/19 75/76
37/35 1/1
3159/2986 1584/1493
1287/1213 1278/1213
167/157 160/157
377/352 1/1
14326/13241 12864/13241
13/12 1/1
494/451 438/451
113/103 96/103
21/19 18/19
19/17 33/34
61/54 8/9
17/15 1/1
99/85 18/17
10982/9281 8992/9281
289/240 1/1
38/31 30/31
5/4 1/1
243/194 104/97
15/11 28/33
289/205 182/205
102
6  0 99 97 96 94 91
4  0 91 89 88
7  0 88 85 50 49 12 1
3  0 76 78
3  0 75 76
7  0 51 56 61 63 71 75
3  0 1 2
3  0 2 3
3  0 3 4
5  0 31 33 47 51
3  0 4 5
3  0 29 31
3  0 5 6
3  0 27 29
3  0 6 7
3  0 7 8
3  0 25 27
3  0 23 25
3  0 8 9
4  0 9 21 23
4  1 12 10 2
3  2 10 3
4  3 10 11 4
4  4 11 14 5
4  5 14 15 6
4  6 15 16 7
4  7 16 20 8
4  8 20 21 9
4  10 12 13 11
4  11 13 17 14
4  12 49 48 13
6  13 48 45 37 35 17
4  14 17 18 15
4  15 18 19 16
4  16 19 22 20
4  17 35 34 18
4  18 34 32 19
4  19 32 30 22
4  20 22 24 21
4  21 24 26 23
4  22 30 28 24
6  23 26 28 41 39 25
3  24 28 26
4  25 39 36 27
4  27 36 33 29
4  28 30 40 41
3  29 33 31
4  30 32 38 40
4  32 34 37 38
4  33 36 46 47
3  34 35 37
4  36 39 43 46
4  37 45 44 38
4  38 44 42 40
3  39 41 43
3  40 42 41
4  41 42 54 55
4  41 55 57 43
4  42 44 53 54
5  43 57 59 58 46
4  44 45 52 53
4  45 48 50 52
4  46 58 56 47
3  47 56 51
3  48 49 50
8  50 85 84 80 79 72 70 52
4  52 70 69 53
5  53 69 67 66 54
4  54 66 65 55
4  55 65 62 57
4  56 58 60 61
3  57 62 59
3  58 59 60
5  59 62 64 63 60
3  60 63 61
4  62 65 67 64
4  63 64 68 71
3  64 67 68
3  65 66 67
4  67 69 72 73
4  67 73 74 68
6  68 74 77 80 83 71
3  69 70 72
6  71 83 84 86 82 75
4  72 79 77 73
3  73 77 74
4  75 82 81 76
3  76 81 78
3  77 79 80
3  80 84 83
5  81 82 93 95 98
4  82 86 92 93
4  84 85 87 86
4  85 88 89 87
4  86 87 90 92
3  87 89 90
4  89 91 94 90
4  90 94 95 92
3  92 95 93
3  94 96 95
3  95 96 97
5  95 97 99 100 98
