149
0/1 1/1
1/1 11/12
1/1 159/173
1/1 62/67
1/1 24/25
1/1 27/28
1/1 111/113
1/1 71/72
1/1 98/99
1/1 116/117
1/1 132/133
1/1 1/1
8764/8761 8448/8761
5017/5015 4609/5015
9715/9701 8976/9701
35369/35306 17340/17653
22536/22489 22176/22489
30987/30913 30600/30913
36621/36529 36216/36529
41629/41521 41208/41521
41629/41471 41784/41471
40377/40223 40536/40223
50393/50182 25404/25091
4382/4363 22128/21815
21284/21191 21504/21191
64791/64409 66600/64409
163/162 28/27
17595/17479 2582/2497
1015/1007 3883/4028
1156/1145 1162/1145
5950/5893 5978/5893
2737/2710 1372/1355
10965/10849 10934/10849
2261/2237 2254/2237
16385/16207 15917/16207
87/86 2035/2064
165/163 484/489
1131/1117 3322/3351
19285/19043 18898/19043
157/155 154/155
11305/11159 11074/11159
153/151 1946/1963
8415/8303 8218/8303
72/71 70/71
549/541 5890/5951
7137/7031 6970/7031
133/131 130/131
133/131 132/131
6235/6141 18568/18423
4669/4595 4653/4595
5075/4993 10131/9986
493/485 1969/1940
8113/7969 8030/7969
7869/7729 7790/7729
161/158 80/79
10005/9811 30448/29433
18275/17917 54176/53751
11305/11083 11168/11083
30595/29981 31141/29981
1885/1843 5819/5529
56525/55241 54816/55241
3315/3239 9632/9717
14025/13699 40672/41097
48025/46834 22992/23417
77/75 242/225
11900/11561 11136/11561
2405/2326 3674/3489
28475/27437 25312/27437
1055/1016 132/127
2941/2830 1296/1415
12765/12277 38126/36831
68/65 66/65
12950/12377 12562/12377
7955/7587 22946/22761
259/247 4730/4693
193/184 20/23
1295/1229 23166/23351
39/37 110/111
4921/4667 4630/4667
4921/4643 4680/4643
1591/1501 4540/4503
1295/1219 2475/2438
17/16 65/64
4375/4117 8359/8234
16125/15137 15262/15137
3325/3121 3146/3121
15397/14386 6570/7193
16625/15517 15392/15517
1125/1049 11414/11539
5963/5555 1022/1111
14125/13133 12883/13133
875/808 3107/3232
149/137 130/137
2492/2279 2190/2279
8375/7619 6994/7619
173/157 143/157
10057/9118 4470/4559
16147/14603 13398/14603
2937/2653 7870/7959
11837/10679 10590/10679
11837/10601 10690/10601
3827/3427 10370/10281
6230/5561 5650/5561
1687/1493 5731/5972
69/61 190/183
27233/23857 23375/23857
1687/1475 14991/14750
7953/6937 20570/20811
10363/9027 27322/27081
32053/27917 27676/27917
32053/27917 28158/27917
241/209 1/1
32053/27677 27436/27677
32053/27677 27918/27677
10363/8947 27082/26841
7953/6857 20330/20571
1687/1451 14751/14510
113/97 95/97
5247/4483 4430/4483
1007/859 5960/6013
211/179 187/179
1007/851 6010/5957
129/109 110/109
20881/17641 17798/17641
20881/17471 17314/17471
15543/12983 12826/12983
6475/5407 10999/10814
24605/20453 20638/20453
4921/4049 4012/4049
28/23 22/23
18315/15043 14858/15043
43/35 34/35
165/133 394/399
133/107 106/107
665/529 534/529
350/277 282/277
335/263 238/263
13/10 16/15
21350/15887 16192/15887
3355/2487 22078/22383
40565/29999 29694/29999
40565/29999 30304/29999
305/224 1/1
133/97 96/97
133/97 98/97
29/21 1/1
99/71 70/71
7/5 51/50
239/169 170/169
147
5  0 75 69 13 1
3  0 1 2
3  0 2 3
3  0 3 4
3  0 59 64
3  0 4 5
3  0 58 59
5  0 26 27 55 58
3  0 5 6
3  0 25 26
3  0 6 7
3  0 24 25
3  0 23 24
3  0 7 8
3  0 22 23
3  0 8 9
3  0 9 10
3  0 21 22
3  0 20 21
3  0 10 11
5  0 11 10 19 20
3  1 13 2
4  2 13 14 3
5  3 14 28 12 4
3  4 12 5
4  5 12 15 6
4  6 15 16 7
4  7 16 17 8
4  8 17 18 9
4  9 18 19 10
4  12 28 34 15
4  13 69 67 14
4  14 67 65 28
4  15 34 35 16
4  16 35 36 17
4  17 36 37 18
4  18 37 38 19
5  19 38 39 33 20
4  20 33 32 21
4  21 32 31 22
4  22 31 30 23
4  23 30 29 24
4  24 29 27 25
3  25 27 26
4  27 29 51 55
4  28 65 63 34
4  29 30 50 51
4  30 31 49 50
4  31 32 48 49
4  32 33 47 48
3  33 39 47
6  34 63 62 44 43 35
4  35 43 42 36
4  36 42 41 37
4  37 41 40 38
3  38 40 39
5  39 40 46 52 47
4  40 41 45 46
4  41 42 44 45
3  42 43 44
4  44 62 61 45
4  45 61 60 46
4  46 60 57 52
4  47 52 53 48
4  48 53 54 49
6  49 54 56 73 72 50
4  50 72 71 51
4  51 71 70 55
4  52 57 56 53
3  53 56 54
4  55 70 68 58
4  56 57 74 73
4  57 60 76 74
4  58 68 66 59
3  59 66 64
4  60 61 77 76
6  61 62 88 87 78 77
4  62 63 90 88
4  63 65 91 90
5  65 67 89 92 91
6  66 68 120 126 135 137
4  67 69 86 89
6  68 70 104 106 116 120
3  69 75 86
6  70 71 82 83 102 104
4  71 72 81 82
4  72 73 80 81
4  73 74 79 80
4  74 76 78 79
3  76 77 78
4  78 87 85 79
4  79 85 84 80
4  80 84 83 81
3  81 83 82
4  83 84 101 102
4  84 85 100 101
4  85 87 99 100
4  86 95 94 89
4  87 88 98 99
4  88 90 96 98
3  89 94 92
4  90 91 93 96
3  91 92 93
5  92 94 97 103 93
4  93 103 105 96
3  94 95 97
4  96 105 107 98
5  97 136 131 129 103
4  98 107 109 99
5  99 109 111 110 100
4  100 110 108 101
4  101 108 106 102
3  102 106 104
6  103 129 125 118 117 105
4  105 117 115 107
4  106 108 114 116
4  107 115 112 109
4  108 110 113 114
3  109 112 111
3  110 111 113
5  111 112 119 121 113
4  112 115 118 119
4  113 121 122 114
6  114 122 123 127 126 116
3  115 117 118
3  116 126 120
4  118 125 124 119
4  119 124 123 121
3  121 123 122
4  123 124 128 127
4  124 125 130 128
4  125 129 131 130
4  126 127 134 135
4  127 128 133 134
4  128 130 132 133
3  130 131 132
4  131 136 139 132
4  132 139 140 133
5  133 140 142 141 134
4  134 141 138 135
3  135 138 137
5  138 141 144 145 147
5  139 146 145 143 140
3  140 143 142
3  141 142 144
4  142 143 145 144
4  145 146 148 147
