132
0/1 1/1
1/1 20/23
1/1 226/245
1/1 15/16
1/1 356/377
1/1 17/18
1/1 151/159
1/1 396/409
1/1 54/55
1/1 208/211
1/1 184/185
1/1 188/189
1/1 1/1
96889/96807 30470/32269
2313/2311 4365/4622
40863/40801 38745/40801
105113/104711 101370/104711
14135/14057 13800/14057
54227/53901 17710/17967
47545/47207 46950/47207
48573/48227 47970/48227
18247/18089 36435/36178
33153/32863 33120/32863
225/223 225/223
25413/25183 25380/25183
13987/13859 27915/27718
5319/5261 36630/36827
36445/36047 35850/36047
41567/41061 13490/13687
10835/10697 10500/10697
65905/65011 59900/65011
409/403 30/31
1375/1351 1326/1351
89675/88037 86762/88037
101413/99469 93820/99469
1614/1583 4480/4749
78625/77047 76622/77047
26775/26237 78286/78711
14257/13964 9935/10473
12070/11797 11882/11797
18275/17859 54002/53577
1394/1361 1378/1361
8500/8291 25298/24873
338/329 338/329
14795/14369 14100/14369
5380/5223 15938/15669
56759/55067 54260/55067
22058/21389 21658/21389
11567/11203 33878/33609
38198/36989 37258/36989
49765/48169 47900/48169
16947/16403 48940/49209
269/260 1/1
16947/16357 48802/49071
49765/48031 47762/48031
38198/36851 37120/36851
11567/11157 33740/33471
82/79 80/79
56759/54653 53846/54653
3225/3103 3128/3103
710/683 688/683
14795/14231 13962/14231
675/647 4504/4529
4625/4433 4408/4433
5275/5043 1656/1681
1375/1313 1288/1313
14257/13596 9659/10197
1614/1537 4342/4611
377/359 338/359
795/757 4277/4542
14045/13347 37921/40041
115/109 104/109
795/752 89/94
18/17 16/17
2067/1948 461/487
14575/13681 13416/13681
11183/10481 10322/10481
49025/45791 45526/45791
16695/15593 46514/46779
143/133 652/665
18815/17489 35243/34978
11395/10589 32032/31767
2743/2547 836/849
1325/1227 14989/14724
481/445 2212/2225
2457/2273 2260/2273
28355/26141 26936/26141
1846/1699 1712/1699
1677/1543 1556/1543
217/199 208/199
12/11 56/55
35733/32623 32900/32623
39334/35899 36176/35899
9523/8677 8944/8677
52353/47513 47236/47513
10249/9301 46228/46505
58447/52827 17332/17609
3827/3453 10448/10359
3047/2749 13468/13745
12638/11399 11488/11399
5607/5027 14992/15081
16465/14761 14672/14761
18779/16763 16496/16763
55/49 48/49
3587/3189 1046/1063
44043/39148 9233/9787
3145/2783 2766/2783
3213/2843 2826/2843
1207/1061 2139/2122
2193/1927 1944/1927
49/43 196/215
107/93 32/31
5777/4983 14077/14949
43473/37327 37664/37327
47854/41071 41408/41071
27/23 160/161
3763/3181 6415/6362
129/109 110/109
22294/18829 18986/18829
22999/19381 19054/19381
37/31 154/155
71/59 119/118
39035/31971 10472/10657
1853/1482 1477/1368
159/127 119/127
89/71 77/71
1241/987 12793/11844
28907/22419 7336/7473
25/19 77/76
211/157 154/157
51/37 161/148
431/305 322/305
131
3  0 1 2
3  0 2 3
3  0 123 125
3  0 3 4
3  0 4 5
3  0 5 6
3  0 6 7
9  0 89 93 111 113 117 118 121 123
3  0 7 8
3  0 86 89
5  0 43 45 83 86
3  0 8 9
3  0 42 43
3  0 9 10
3  0 41 42
5  0 23 24 40 41
3  0 22 23
3  0 21 22
3  0 10 11
3  0 11 12
5  0 12 11 20 21
3  1 30 2
5  2 30 34 13 3
3  3 13 4
4  4 13 14 5
4  5 14 15 6
4  6 15 16 7
4  7 16 17 8
4  8 17 18 9
4  9 18 19 10
4  10 19 20 11
4  13 34 35 14
4  14 35 38 15
6  15 38 44 32 31 16
4  16 31 29 17
4  17 29 28 18
4  18 28 27 19
4  19 27 26 20
4  20 26 25 21
4  21 25 24 22
3  22 24 23
4  24 25 39 40
4  25 26 37 39
4  26 27 36 37
4  27 28 33 36
4  28 29 32 33
3  29 31 32
8  30 110 105 74 73 69 68 34
4  32 44 46 33
4  33 46 50 36
4  34 68 67 35
4  35 67 66 38
4  36 50 51 37
5  37 51 52 49 39
4  38 66 61 44
4  39 49 48 40
4  40 48 47 41
4  41 47 45 42
3  42 45 43
4  44 61 58 46
6  45 47 57 59 81 83
4  46 58 54 50
4  47 48 56 57
4  48 49 55 56
3  49 52 55
4  50 54 53 51
3  51 53 52
5  52 53 62 60 55
4  53 54 63 62
4  54 58 64 63
4  55 60 59 56
3  56 59 57
4  58 61 65 64
4  59 60 80 81
4  60 62 78 80
5  61 66 70 71 65
4  62 63 77 78
4  63 64 76 77
4  64 65 75 76
3  65 71 75
4  66 67 69 70
3  67 68 69
4  69 73 72 70
3  70 72 71
5  71 72 74 79 75
3  72 73 74
4  74 105 98 79
4  75 79 82 76
4  76 82 84 77
4  77 84 85 78
4  78 85 87 80
4  79 98 96 82
4  80 87 88 81
4  81 88 90 83
4  82 96 95 84
6  83 90 91 97 93 86
4  84 95 94 85
4  85 94 92 87
3  86 93 89
4  87 92 91 88
3  88 91 90
4  91 92 99 97
4  92 94 100 99
4  93 97 109 111
4  94 95 101 100
4  95 96 102 101
4  96 98 103 102
4  97 99 108 109
6  98 105 112 119 104 103
4  99 100 107 108
4  100 101 106 107
4  101 102 104 106
3  102 103 104
4  104 119 120 106
3  105 110 112
6  106 120 118 116 115 107
4  107 115 114 108
4  108 114 113 109
3  109 113 111
4  112 124 122 119
4  113 114 116 117
3  114 115 116
3  116 118 117
3  118 120 121
4  119 122 121 120
6  121 122 127 128 126 123
3  122 124 127
3  123 126 125
3  126 128 130
3  127 129 128
4  128 129 131 130
