98
0/1 1/1
1/1 28/29
1/1 30/31
1/1 127/131
1/1 32/33
1/1 45/46
1/1 140/143
1/1 59/60
1/1 106/107
1/1 241/242
1/1 1/1
63011/63004 15270/15751
15873/15871 15390/15871
55151/55136 13363/13784
13893/13889 13468/13889
22126/22111 21630/22111
68783/68733 22430/22911
19366/19349 18928/19349
60203/60147 19628/20049
28860/28831 28350/28831
25260/25229 24808/25229
51467/51391 50910/51391
45047/44969 44548/44969
116402/116191 115710/116191
101882/101669 101248/101669
188552/188129 188610/188129
392/391 392/391
59163/59009 59490/59009
357/356 90/89
88330/88061 87696/88061
6519/6499 6552/6499
39055/38921 38556/38921
7300/7271 21448/21813
242/241 240/241
52195/51971 50876/51971
230/229 224/229
20735/20643 6736/6881
8700/8657 8512/8657
9061/9013 27260/27039
16796/16699 16920/16699
3103/3085 3056/3085
20774/20617 21280/20617
3567/3539 3568/3539
11020/10927 11072/10927
2431/2410 5282/5061
102/101 320/303
94/93 32/31
6851/6778 3610/3389
697/689 740/689
317/313 340/313
4636/4571 4632/4571
7503/7391 7452/7391
9389/9241 9928/9241
7099/6971 7429/6971
6527/6409 6348/6409
3660/3589 3528/3589
793/777 2788/2849
687/673 4267/4038
183/179 1908/1969
7991/7816 1893/1954
17633/17217 53941/51651
1769/1718 798/859
4351/4214 17085/16856
9389/9081 27472/27243
107/103 102/103
101/97 84/97
615/589 594/589
1900/1817 1842/1817
825/782 2862/2737
18/17 18/17
3003/2822 1476/1411
493/461 427/461
988/917 930/917
1599/1481 1494/1481
11135/10231 9891/10231
935/859 2492/2577
12/11 54/55
12155/11119 10864/11119
34071/30881 31158/30881
21052/19037 19314/19037
41/37 112/111
231/206 108/103
979/871 11056/11323
979/867 2512/2601
131/116 28/29
6369/5639 5446/5639
27599/24309 7910/8103
772/677 13056/12863
193/168 1/1
772/667 12866/12673
143/123 40/41
19/16 65/64
31/26 14/13
11/9 26/27
5/4 1/1
29/22 10/11
41/31 34/31
239/169 170/169
96
3  0 65 61
3  0 48 49
5  0 61 59 13 1
3  0 47 48
3  0 45 47
3  0 44 45
3  0 1 2
3  0 2 3
3  0 41 44
3  0 3 4
3  0 4 5
3  0 5 6
3  0 6 7
3  0 7 8
3  0 39 41
5  0 28 30 38 39
3  0 8 9
3  0 27 28
3  0 9 10
3  0 25 27
5  0 10 9 23 25
4  1 13 11 2
3  2 11 3
4  3 11 12 4
4  4 12 15 5
4  5 15 16 6
4  6 16 19 7
4  7 19 21 8
4  8 21 23 9
4  11 13 14 12
4  12 14 17 15
4  13 59 58 14
6  14 58 56 36 35 17
4  15 17 18 16
4  16 18 20 19
4  17 35 34 18
4  18 34 32 20
4  19 20 22 21
4  20 32 31 22
4  21 22 24 23
4  22 31 29 24
4  23 24 26 25
3  24 29 26
6  25 26 29 33 30 27
3  27 30 28
6  29 31 40 42 38 33
3  30 33 38
4  31 32 37 40
4  32 34 36 37
3  34 35 36
4  36 56 55 37
4  37 55 54 40
4  38 42 43 39
4  39 43 46 41
4  40 54 51 42
6  41 46 50 62 60 44
4  42 51 50 43
3  43 50 46
4  44 60 57 45
4  45 57 53 47
4  47 53 52 48
3  48 52 49
4  50 51 63 62
4  51 54 64 63
5  52 53 92 94 96
8  53 57 69 70 81 87 89 92
6  54 55 76 73 66 64
6  55 56 77 80 78 76
4  56 58 75 77
4  57 60 68 69
4  58 59 74 75
4  59 61 71 74
4  60 62 67 68
3  61 65 71
4  62 63 66 67
3  63 64 66
4  66 73 72 67
4  67 72 70 68
3  68 70 69
4  70 72 79 81
7  71 95 94 93 85 84 74
4  72 73 78 79
3  73 76 78
4  74 84 83 75
4  75 83 82 77
3  77 82 80
7  78 80 82 86 88 87 79
3  79 87 81
4  82 83 85 86
3  83 84 85
5  85 93 91 90 86
3  86 90 88
3  87 88 89
4  88 90 91 89
5  89 91 93 94 92
4  94 95 97 96
