130
0/1 1/1
1/1 18/19
1/1 268/281
1/1 26/27
1/1 106/109
1/1 37/38
1/1 43/44
1/1 222/227
1/1 45/46
1/1 1/1
50861/50827 48474/50827
39785/39757 38662/39757
13870/13859 13494/13859
16060/16043 15678/16043
82855/82763 80938/82763
16790/16771 16406/16771
19729/19677 6378/6559
362/361 6678/6859
7964/7939 7758/7939
41087/40955 8010/8191
8326/8299 8118/8299
40880/40741 41106/40741
12775/12731 38558/38193
102565/102203 103298/102203
5329/5309 5382/5309
14965/14897 15262/14897
11680/11621 11986/11621
365/363 10166/9801
86140/85661 88946/85661
325/323 338/323
20272/20141 20322/20141
19005/18881 19062/18881
50861/50523 17022/16841
13213/13121 13302/13121
8555/8491 35269/33964
261/259 806/777
7421/7361 7542/7361
116/115 949/920
229/227 234/227
5792/5741 5922/5741
4887/4841 5022/4841
42716/42309 4882/4701
205/203 208/203
10585/10463 10608/10463
8149/8051 8138/8051
5075/5013 15184/15039
406/401 3237/3208
249/245 54/49
115/113 221/226
32915/32341 31616/32341
1595/1567 6123/6268
551/541 1053/1082
109/107 104/107
40745/39871 2922/3067
87/85 481/510
9251/9013 8346/9013
73/71 65/71
11803/11441 10590/11441
10207/9852 13655/13136
4671/4507 4680/4507
111/107 605/642
1384/1333 5505/5332
7093/6817 6990/6817
10397/9991 9510/9991
12629/12097 12270/12097
48613/46521 15680/15507
18165/17377 17550/17377
4844/4633 18705/18532
4033/3851 3740/3851
703/671 1305/1342
407/388 1515/1552
8399/8005 1564/1601
851/811 1585/1622
20/19 75/76
3979/3769 7365/7538
227/215 42/43
6854/6491 6342/6491
1036/977 3945/3908
35/33 100/99
16688/15731 15880/15731
149/140 1/1
16688/15629 15778/15629
281/263 266/263
371/347 5605/5552
6854/6389 6240/6389
44/41 40/41
598/557 544/557
83/77 76/77
6095/5633 11001/11266
1007/929 1805/1858
5777/5327 5168/5327
112/103 104/103
73/67 68/67
820/751 21233/21028
74465/68159 4978/5243
159/145 817/870
319/289 266/289
4715/4259 8313/8518
3895/3511 6817/7022
545/491 476/491
3474/3119 2926/3119
281/251 238/251
21037/18597 6006/6199
386/341 6286/6479
8878/7823 7630/7823
112/97 98/97
7913/6793 6986/6793
6176/5281 5474/5281
5211/4441 4634/4441
236/201 70/67
7803/6641 6930/6641
2990/2543 2478/2543
494/419 406/419
9248/7841 8130/7841
1417/1201 1162/1201
11849/10001 10290/10001
6/5 14/15
578/473 10590/10879
109/89 86/89
38/31 30/31
230/187 182/187
205/161 166/161
32/25 26/25
9/7 22/21
8405/6529 6734/6529
2993/2303 2376/2303
9430/7043 6838/7043
109/81 26/27
23/17 33/34
41/29 30/29
131
3  0 56 55
3  0 55 54
5  0 54 53 10 1
3  0 1 2
3  0 2 3
5  0 29 34 41 47
3  0 28 29
3  0 27 28
3  0 3 4
3  0 26 27
3  0 4 5
3  0 5 6
3  0 25 26
3  0 6 7
3  0 7 8
3  0 8 9
3  0 24 25
3  0 23 24
3  0 22 23
3  0 21 22
5  0 9 8 15 21
3  1 10 2
5  2 10 16 11 3
3  3 11 4
4  4 11 12 5
4  5 12 13 6
4  6 13 14 7
4  7 14 15 8
4  10 53 52 16
4  11 16 17 12
4  12 17 18 13
4  13 18 19 14
4  14 19 20 15
4  15 20 30 21
4  16 52 51 17
4  17 51 50 18
4  18 50 49 19
4  19 49 48 20
4  20 48 46 30
4  21 30 31 22
4  22 31 32 23
4  23 32 33 24
4  24 33 36 25
5  25 36 38 37 26
4  26 37 35 27
4  27 35 34 28
3  28 34 29
4  30 46 45 31
4  31 45 44 32
4  32 44 43 33
4  33 43 42 36
4  34 35 40 41
4  35 37 39 40
3  36 42 38
3  37 38 39
5  38 42 62 61 39
4  39 61 59 40
4  40 59 58 41
3  41 58 47
4  42 43 64 62
4  43 44 65 64
4  44 45 66 65
4  45 46 67 66
5  46 48 72 73 67
4  48 49 71 72
4  49 50 70 71
4  50 51 69 70
4  51 52 68 69
4  52 53 63 68
4  53 54 60 63
4  54 55 57 60
3  55 56 57
4  57 96 95 60
4  58 59 108 109
4  59 61 107 108
4  60 95 94 63
4  61 62 106 107
6  62 64 92 93 105 106
4  63 94 90 68
6  64 65 82 83 91 92
6  65 66 78 79 81 82
4  66 67 77 78
3  67 73 77
4  68 90 89 69
6  69 89 88 86 85 70
6  70 85 84 76 75 71
4  71 75 74 72
3  72 74 73
6  73 74 76 80 79 77
3  74 75 76
3  76 84 80
3  77 79 78
3  79 80 81
6  80 84 86 87 83 81
3  81 83 82
3  83 87 91
3  84 85 86
3  86 88 87
5  87 88 97 93 91
4  88 89 98 97
4  89 90 99 98
4  90 94 101 99
3  91 93 92
4  93 97 104 105
4  94 95 100 101
3  95 96 100
4  97 98 103 104
4  98 99 102 103
3  99 101 102
5  100 116 114 102 101
4  102 114 112 103
4  103 112 111 104
3  104 111 105
5  105 111 117 115 106
4  106 115 113 107
4  107 113 110 108
3  108 110 109
4  110 113 122 123
4  111 112 119 117
4  112 114 118 119
4  113 115 121 122
3  114 116 118
4  115 117 120 121
3  117 119 120
5  118 127 126 120 119
4  120 126 124 121
3  121 124 122
4  122 124 125 123
4  124 126 128 125
3  125 128 129
3  126 127 128
