120
0/1 1/1
1/1 10/11
1/1 41/45
1/1 73/78
1/1 17/18
1/1 24/25
1/1 31/32
1/1 104/107
1/1 46/47
1/1 82/83
1/1 184/185
1/1 240/241
1/1 1/1
2745/2744 625/686
10016/10009 9696/10009
33491/33459 10840/11153
14711/14689 14376/14689
25979/25921 25608/25921
11581/11549 57432/57745
75433/75217 74904/75217
313/312 1/1
87953/87597 29512/29199
14398/14337 24208/23895
4758/4735 886/947
401/399 136/133
29555/29373 19839/19582
1098/1091 1030/1091
72217/71751 24174/23917
257/255 1/1
241/239 238/239
113/112 1/1
31753/31427 31766/31427
5198/5143 26054/25715
1952/1931 1870/1931
6527/6453 2090/2151
2867/2831 2770/2831
1243/1227 3794/3681
3164/3121 3234/3121
5063/4991 4930/4991
68/67 70/67
11285/11111 11050/11111
61/60 1/1
1148/1129 1170/1129
451/443 1370/1329
17141/16827 5670/5609
14030/13767 4650/4589
50/49 50/49
9430/9227 9350/9227
183/179 2030/1969
11521/11267 11390/11267
1708/1669 1730/1669
41/40 1/1
1281/1249 1310/1249
7585/7391 7350/7391
39/38 20/19
75/73 536/511
3403/3311 3270/3311
1927/1871 1830/1871
100/97 704/679
4387/4253 4130/4253
32/31 30/31
825/799 824/799
5750/5541 1872/1847
82/79 670/711
1405/1353 456/451
26/25 14/15
25/24 1/1
894/857 2422/2571
4625/4433 4408/4433
415/397 392/397
1175/1121 1096/1121
2675/2547 824/849
800/761 736/761
61/58 28/29
4768/4531 4382/4531
15943/15133 14686/15133
7003/6631 6482/6631
18/17 16/17
12367/11671 11522/11671
27565/25951 25802/25951
149/140 1/1
281/263 266/263
416/389 376/389
1391/1299 420/433
265/247 1/1
611/569 556/569
49025/45599 45334/45599
83/77 76/77
481/445 2212/2225
13/12 1/1
481/443 2202/2215
598/549 928/915
47/43 42/43
1391/1269 410/423
429/391 404/391
416/379 366/379
364/331 344/331
21/19 20/19
119/107 445/428
561/503 520/503
9/8 9/10
1955/1737 1175/1158
3145/2767 2750/2767
47/41 40/41
107/93 30/31
15839/13711 13374/13711
5024/4309 4152/4309
12469/10691 53118/53455
7379/6289 6132/6289
46/39 66/65
5809/4901 24348/24505
157/132 1/1
37/31 154/155
5181/4271 4428/4271
28/23 24/23
11/9 28/27
47/37 36/37
32/25 24/25
53/38 9/8
289/205 228/205
120
3  0 1 2
3  0 2 3
3  0 3 4
3  0 4 5
9  0 54 55 97 98 114 115 116 118
3  0 52 54
5  0 39 42 50 52
3  0 5 6
3  0 37 39
3  0 6 7
3  0 36 37
3  0 7 8
5  0 24 25 32 36
3  0 8 9
3  0 22 24
3  0 9 10
3  0 21 22
3  0 10 11
3  0 11 12
4  0 12 20 21
3  1 13 2
4  2 13 23 3
4  3 23 26 4
5  4 26 33 14 5
3  5 14 6
4  6 14 15 7
4  7 15 16 8
4  8 16 17 9
4  9 17 18 10
4  10 18 19 11
4  11 19 20 12
8  13 100 95 82 77 67 65 23
4  14 33 34 15
4  15 34 35 16
4  16 35 38 17
4  17 38 40 18
6  18 40 41 30 29 19
4  19 29 28 20
4  20 28 27 21
4  21 27 25 22
3  22 25 24
4  23 65 63 26
4  25 27 31 32
4  26 63 60 33
4  27 28 30 31
3  28 29 30
4  30 41 44 31
4  31 44 45 32
5  32 45 46 43 36
4  33 60 59 34
4  34 59 57 35
4  35 57 56 38
4  36 43 42 37
3  37 42 39
4  38 56 53 40
4  40 53 51 41
4  41 51 49 44
4  42 43 48 50
3  43 46 48
4  44 49 47 45
3  45 47 46
5  46 47 62 61 48
4  47 49 64 62
4  48 61 58 50
4  49 51 66 64
4  50 58 55 52
4  51 53 68 66
3  52 55 54
4  53 56 69 68
4  55 58 96 97
4  56 57 70 69
4  57 59 71 70
4  58 61 94 96
4  59 60 72 71
5  60 63 67 73 72
4  61 62 91 94
6  62 64 81 84 89 91
3  63 65 67
4  64 66 80 81
4  66 68 79 80
3  67 77 73
4  68 69 78 79
4  69 70 76 78
4  70 71 75 76
4  71 72 74 75
3  72 73 74
4  73 77 82 74
4  74 82 83 75
4  75 83 85 76
4  76 85 87 78
4  78 87 86 79
4  79 86 84 80
3  80 84 81
4  82 95 93 83
4  83 93 92 85
4  84 86 88 89
5  85 92 90 88 87
3  86 87 88
3  88 90 89
5  89 90 102 101 91
4  90 92 103 102
4  91 101 99 94
4  92 93 104 103
6  93 95 106 108 105 104
4  94 99 98 96
3  95 100 106
3  96 98 97
4  98 99 113 114
5  99 101 109 111 113
4  101 102 107 109
4  102 103 105 107
3  103 104 105
4  105 108 110 107
4  106 117 116 108
4  107 110 111 109
5  108 116 115 112 110
3  110 112 111
4  111 112 115 113
3  113 115 114
4  116 117 119 118
