99
0/1 1/1
1/1 26/27
1/1 30/31
1/1 31/32
1/1 52/53
1/1 281/284
1/1 156/157
1/1 1/1
15392/15391 14910/15391
2336/2335 2262/2335
25493/25471 24990/25471
19345/19319 18954/19319
136604/136413 44990/45471
75517/75391 74910/75391
103660/103457 102362/103457
168831/168449 168930/168449
11461/11435 11362/11435
162578/162209 162690/162209
419/418 210/209
123370/123059 123424/123059
4745/4733 128156/127791
365/364 1/1
4745/4731 128102/127737
338/337 338/337
109863/109537 109850/109537
57305/57121 56756/57121
284/283 280/283
49141/48959 48646/48959
263/262 130/131
2041/2033 2020/2033
16589/16511 16198/16511
25857/25733 77420/77199
4199/4177 29460/29239
17459/17366 26270/26049
10016/9959 9646/9959
21879/21745 13268/13047
40064/39811 38246/39811
11713/11639 11860/11639
11050/10979 11200/10979
138/137 130/137
137/136 35/34
4250/4213 4298/4213
901/893 910/893
25245/25013 25438/25013
7808/7735 1486/1547
20145/19934 10052/9967
2261/2237 2254/2237
1952/1931 1870/1931
2295/2269 29582/29497
157/155 154/155
3233/3191 3130/3191
16965/16723 50314/50169
133/131 132/131
21411/21071 21132/21071
61/60 1/1
21411/21049 21110/21049
14457/14198 7160/7099
1647/1615 3614/3553
3233/3169 3108/3169
3233/3169 3230/3169
50/49 50/49
2173/2129 2170/2129
1353/1325 2426/2385
1952/1909 1848/1909
3239/3166 4790/4749
128/125 24/25
1599/1561 14090/14049
8608/8389 8120/8389
2173/2111 2070/2111
35/34 50/51
14257/13849 13580/13849
32/31 30/31
117/113 340/339
26/25 14/15
12137/11653 11424/11653
1832/1753 6783/7012
87/83 238/249
4768/4531 4382/4531
7897/7471 7322/7471
79/74 112/111
104653/97697 85102/97697
19981/18521 18144/18521
53/49 204/245
12064/11129 10752/11129
71749/64999 5124/5909
242/217 192/217
457/407 32/37
5024/4309 4152/4309
8321/7081 6924/7081
281/236 7271/7552
14893/12403 12122/12403
297/247 252/247
281/231 1/1
53/43 42/43
53/43 44/43
5/4 1/1
32/25 24/25
15/11 38/33
289/205 228/205
97
3  0 82 80
4  0 80 76 73
7  0 73 71 67 65 44 39
3  0 39 36
5  0 36 34 9 1
3  0 1 2
3  0 2 3
3  0 3 4
8  0 40 41 60 61 94 95 97
3  0 38 40
3  0 37 38
3  0 4 5
3  0 35 37
3  0 5 6
3  0 33 35
3  0 32 33
3  0 6 7
7  0 18 19 23 24 31 32
3  0 17 18
3  0 15 17
5  0 7 6 13 15
4  1 9 8 2
3  2 8 3
4  3 8 10 4
4  4 10 12 5
4  5 12 13 6
4  8 9 11 10
4  9 34 30 11
4  10 11 14 12
5  11 30 28 26 14
4  12 14 16 13
5  13 16 21 20 15
4  14 26 25 16
4  15 20 19 17
3  16 25 21
3  17 19 18
4  19 20 22 23
3  20 21 22
5  21 25 27 24 22
3  22 24 23
4  24 27 29 31
4  25 26 28 27
3  27 28 29
8  28 30 50 54 53 51 49 29
4  29 49 48 31
4  30 34 47 50
4  31 48 46 32
4  32 46 45 33
4  33 45 43 35
4  34 36 44 47
4  35 43 42 37
3  36 39 44
4  37 42 41 38
3  38 41 40
4  41 42 59 60
4  42 43 57 59
4  43 45 56 57
4  44 65 63 47
6  45 46 52 53 55 56
4  46 48 51 52
4  47 63 58 50
3  48 49 51
3  50 58 54
3  51 53 52
3  53 54 55
5  54 58 68 66 55
4  55 66 64 56
4  56 64 62 57
4  57 62 61 59
5  58 63 67 69 68
3  59 61 60
5  61 62 91 92 94
6  62 64 79 81 88 91
3  63 65 67
6  64 66 72 74 78 79
4  66 68 70 72
3  67 71 69
3  68 69 70
5  69 71 75 74 70
3  70 74 72
4  71 73 76 75
4  74 75 77 78
3  75 76 77
6  76 80 84 85 83 77
4  77 83 81 78
3  78 81 79
3  80 82 84
4  81 83 87 88
3  83 85 87
3  84 86 85
4  85 86 89 87
4  87 89 90 88
4  88 90 92 91
5  89 96 95 93 90
3  90 93 92
4  92 93 95 94
4  95 96 98 97
