106
0/1 1/1
1/1 10/11
1/1 67/73
1/1 243/259
1/1 28/29
1/1 36/37
1/1 183/188
1/1 298/305
1/1 45/46
1/1 63/64
1/1 182/183
1/1 336/337
1/1 1/1
15577/15569 15148/15569
79148/79105 15400/15821
128405/128303 17908/18329
19366/19349 18928/19349
26944/26909 26488/26909
4453/4446 680/741
77043/76889 76468/76889
141877/141569 141148/141569
88831/88591 89012/88591
363/362 182/181
66043/65857 66170/65857
105481/105119 104806/105119
57279/57071 56758/57071
20032/19943 19630/19943
14398/14327 14014/14327
19093/18997 92794/94985
15799/15716 3685/3929
188/187 182/187
6893/6853 4782/4895
5198/5167 5054/5167
7232/7183 7070/7183
6893/6837 20398/20511
38081/37759 37646/37759
211/209 210/209
66389/65687 65490/65687
183/181 180/181
28645/28321 28236/28321
2257/2231 2170/2231
18605/18377 17950/18377
2806/2771 2710/2771
157/155 156/155
3904/3851 3790/3851
48865/48167 48022/48167
133/131 130/131
20557/20231 20170/20231
1160/1141 8983/9128
115/113 221/226
44225/43447 42432/43447
6100/5989 6050/5989
5365/5267 5122/5267
15494/15185 3098/3037
128/125 26/25
37555/36653 34333/36653
73/71 65/71
68326/66385 13546/13277
26900/26069 26338/26069
9583/9257 8665/9257
90653/87551 87282/87551
17216/16571 16302/16571
538/517 11622/11891
305/293 286/293
3979/3821 7469/7642
2768/2653 10439/10612
1369/1307 1270/1307
58301/55657 55484/55657
851/811 1585/1622
592/563 2215/2252
4325/4112 16621/16448
21971/20825 8503/8330
12469/11807 11770/11807
925/872 3525/3488
4699/4415 1803/1766
47/44 17/16
29/27 85/81
1813/1679 1790/1679
26035/23959 48943/47918
25/23 25/23
5125/4696 18989/18784
833/759 270/253
337/307 306/307
5540/5017 25362/25085
254/229 234/229
4660/4181 21138/20905
425/377 1525/1508
14912/13207 12974/13207
10718/9463 9230/9463
8621/7591 7358/7591
8/7 55/56
37/32 13/14
1205/1039 21021/20780
10693/9041 8752/9041
578/487 10912/11201
49/41 44/41
28900/23839 24128/23839
38/31 32/31
500/403 408/403
230/181 176/181
37/29 28/29
3151/2459 4781/4918
13/10 8/7
25/19 77/76
23/17 33/34
41/29 30/29
104
3  0 1 2
3  0 2 3
6  0 79 81 95 97 102
3  0 3 4
3  0 77 79
4  0 75 76 77
5  0 54 57 71 75
3  0 4 5
3  0 5 6
3  0 6 7
3  0 7 8
3  0 8 9
3  0 53 54
3  0 9 10
3  0 51 53
5  0 43 45 47 51
7  0 22 23 36 37 39 43
3  0 10 11
3  0 21 22
3  0 11 12
5  0 12 11 20 21
3  1 18 2
4  2 18 29 3
5  3 29 40 13 4
3  4 13 5
4  5 13 14 6
4  6 14 15 7
4  7 15 16 8
4  8 16 17 9
4  9 17 19 10
4  10 19 20 11
6  13 40 41 31 30 14
4  14 30 28 15
4  15 28 27 16
4  16 27 26 17
4  17 26 25 19
4  18 56 55 29
4  19 25 24 20
4  20 24 23 21
3  21 23 22
4  23 24 35 36
4  24 25 34 35
4  25 26 33 34
4  26 27 32 33
4  27 28 31 32
3  28 30 31
4  29 55 52 40
4  31 41 42 32
4  32 42 44 33
7  33 44 46 45 39 38 34
4  34 38 37 35
3  35 37 36
3  37 38 39
3  39 45 43
4  40 52 50 41
4  41 50 49 42
4  42 49 48 44
3  44 48 46
3  45 46 47
5  46 48 61 60 47
4  47 60 58 51
4  48 49 62 61
4  49 50 63 62
6  50 52 66 68 64 63
4  51 58 57 53
4  52 55 59 66
3  53 57 54
3  55 56 59
4  57 58 70 71
4  58 60 67 70
4  59 91 89 66
4  60 61 65 67
4  61 62 64 65
3  62 63 64
4  64 68 69 65
4  65 69 72 67
4  66 89 88 68
4  67 72 73 70
4  68 88 87 69
6  69 87 85 83 82 72
4  70 73 74 71
4  71 74 76 75
4  72 82 80 73
4  73 80 78 74
3  74 78 76
7  76 78 84 85 86 81 77
3  77 81 79
4  78 80 83 84
3  80 82 83
4  81 86 92 95
3  83 85 84
4  85 87 90 86
3  86 90 92
6  87 88 94 96 92 90
4  88 89 93 94
3  89 91 93
4  92 96 97 95
4  93 100 99 94
4  94 99 98 96
3  96 98 97
6  97 98 103 104 105 102
4  98 99 101 103
3  99 100 101
3  101 104 103
