87
0/1 1/1
1/1 8/9
1/1 26/29
1/1 66/71
1/1 119/128
1/1 16/17
1/1 73/77
1/1 202/203
1/1 304/305
1/1 1/1
1775/1763 1638/1763
54400/54031 50206/54031
2911/2885 536/577
5248/5201 4832/5201
7225/7159 6734/7159
6545/6476 1534/1619
697/689 648/689
77/76 18/19
595/583 16822/16907
129625/126967 126542/126967
425/416 1/1
44/43 130/129
8323/8129 8088/8129
12505/12209 12168/12209
41/40 1/1
38/37 112/111
317/308 1/1
19337/18773 93548/93865
203/197 196/197
19825/19231 19166/19231
65/63 1/1
5371/5204 1342/1301
32/31 32/31
3275/3172 818/793
57/55 56/55
8515/8189 8449/8189
26/25 413/400
155/149 154/149
5920/5689 5874/5689
24235/23284 6006/5821
25/24 1/1
68/65 66/65
3275/3116 804/779
185/176 1/1
800/761 786/761
61/58 30/29
56425/53623 53438/53623
4768/4531 4680/4531
19519/18544 4785/4636
149/140 1/1
45445/42649 42500/42649
14245/13324 3146/3331
629/587 550/587
128/119 110/119
1513/1399 1310/1399
11473/10576 2495/2644
115/106 50/53
6853/6316 1490/1579
149/137 2180/2329
71/65 12/13
289/263 246/263
1309/1187 1119/1187
27145/24439 24350/24439
89/80 1/1
131/116 30/29
5185/4583 4566/4583
17/15 1/1
81/71 72/71
193/168 1/1
61/53 264/265
68/59 489/472
241/209 1/1
833/711 254/237
964/821 6809/6568
13/11 12/11
49/41 44/41
160/131 136/131
5/4 1/1
32/25 26/25
385/296 69/74
17/13 12/13
205/156 1/1
2233/1697 1581/1697
109/81 26/27
11/8 13/14
29/21 1/1
41/29 28/29
87
3  0 1 2
3  0 2 3
3  0 3 4
3  0 4 5
3  0 72 74
3  0 5 6
3  0 6 7
5  0 45 47 70 72
5  0 37 38 44 45
4  0 32 36 37
3  0 31 32
3  0 25 31
4  0 21 24 25
3  0 7 8
3  0 8 9
4  0 9 20 21
4  1 12 10 2
3  2 10 3
4  3 10 11 4
4  4 11 14 5
4  5 14 15 6
4  6 15 18 7
4  7 18 19 8
4  8 19 20 9
4  10 12 13 11
4  11 13 16 14
6  12 59 58 54 53 13
4  13 53 52 16
4  14 16 17 15
4  15 17 22 18
4  16 52 51 17
6  17 51 46 29 28 22
4  18 22 23 19
4  19 23 24 20
3  20 24 21
4  22 28 27 23
4  23 27 26 24
3  24 26 25
6  25 26 30 34 33 31
4  26 27 29 30
3  27 28 29
5  29 46 43 40 30
3  30 40 34
3  31 33 32
4  32 33 35 36
3  33 34 35
5  34 40 41 39 35
4  35 39 38 36
3  36 38 37
4  38 39 42 44
3  39 41 42
3  40 43 41
5  41 43 49 48 42
4  42 48 47 44
4  43 46 50 49
3  44 47 45
4  46 51 55 50
5  47 48 64 67 70
4  48 49 63 64
4  49 50 62 63
4  50 55 57 62
5  51 52 54 56 55
3  52 53 54
3  54 58 56
3  55 56 57
5  56 58 60 61 57
4  57 61 65 62
3  58 59 60
4  60 80 79 61
6  61 79 77 71 69 65
4  62 65 66 63
4  63 66 67 64
4  65 69 68 66
3  66 68 67
5  67 68 71 73 70
3  68 69 71
4  70 73 75 72
4  71 77 76 73
3  72 75 74
3  73 76 75
3  76 77 78
5  77 79 82 83 81
3  77 81 78
3  79 80 82
3  81 83 85
3  82 84 83
4  83 84 86 85
