143
0/1 1/1
1/1 14/15
1/1 30/31
1/1 396/409
1/1 33/34
1/1 202/207
1/1 172/175
1/1 69/70
1/1 208/211
1/1 92/93
1/1 131/132
1/1 1/1
196729/196723 190470/196723
16354/16351 15870/16351
7659/7655 1494/1531
84175/84093 27550/28031
2590/2587 2550/2587
101491/101373 33310/33791
1443/1441 44190/44671
63492/63391 62910/63391
63492/63329 63810/63329
36075/35969 36450/35969
2701/2693 2730/2693
8399/8372 2130/2093
435/433 450/433
46217/46003 44534/46003
3842/3823 3710/3823
7797/7753 22694/23259
3955/3929 19306/19645
1582/1571 7742/7855
23843/23677 23338/23677
3503/3477 10318/10431
44719/44377 45165/44377
4972/4933 14686/14799
14381/14263 14460/14263
14775/14653 14850/14653
6501/6442 25965/25768
211/209 210/209
4972/4923 14882/14769
565/559 8498/8385
8249/8161 8274/8161
25651/25364 6454/6341
6501/6428 25515/25712
18321/18107 17910/18107
41567/41061 13490/13687
985/973 13425/13622
4925/4863 11150/11347
40779/40225 7848/8045
3349/3301 6405/6602
409/403 30/31
7571/7459 7798/7459
14450/14231 13806/14231
10961/10789 11354/10789
1725/1697 4966/5091
4633/4553 24234/22765
74375/73061 71786/73061
29750/29207 28782/29207
89675/88037 86762/88037
53/52 14/13
527/517 1534/1551
18700/18333 54574/54999
5125/5011 5336/5011
44/43 130/129
2425/2363 2488/2363
1804/1757 5230/5271
1271/1237 3670/3711
1675/1629 568/543
8651/8413 8290/8413
2870/2791 2750/2791
7175/6973 6850/6973
943/915 1606/1647
1394/1351 1310/1351
5675/5476 1394/1369
1825/1759 1784/1759
1875/1807 1832/1807
3300/3161 3136/3161
93/89 88/89
23/22 10/11
5709/5458 21659/21832
12975/12323 12496/12323
12629/11993 12166/11993
39271/37247 37939/37247
67/63 22/21
442/413 400/413
207/193 188/193
2951/2744 699/686
455/423 692/705
14/13 64/65
2743/2547 836/849
949/881 894/881
195/181 918/905
1716/1589 1576/1589
13/12 1/1
1716/1579 1566/1579
195/179 908/895
73/67 68/67
5125/4703 14314/14109
2743/2517 826/839
182/167 822/835
455/417 682/695
2691/2459 2394/2459
34/31 30/31
6141/5585 3262/3351
11/10 119/120
15575/14117 13850/14117
6230/5639 5550/5639
18779/16997 16730/16997
2125/1913 5824/5739
3859/3467 3535/3467
2225/1987 6050/5961
20203/18004 4590/4501
8245/7289 7714/7289
1025/901 966/901
97/85 18/17
12031/10327 10539/10327
3975/3403 3456/3403
34/29 133/116
11183/9411 3084/3137
265/223 3069/3122
25/21 48/49
2890/2423 16672/16961
60979/51123 16752/17041
21675/17839 18128/17839
65603/53836 13748/13459
9061/7375 39748/36875
51/41 304/287
205/163 176/163
3859/3029 3097/3029
3315/2593 13186/12965
16571/12677 12969/12677
46631/35661 11666/11887
17/13 893/910
1825/1391 4246/4173
207/157 152/157
1358/1021 5008/5105
20467/15387 5032/5129
119/89 88/89
211/157 154/157
15/11 56/55
133/97 98/97
227/164 42/41
7/5 49/50
239/169 168/169
141
7  0 77 71 51 49 25 1
5  0 58 61 112 116
3  0 1 2
3  0 54 58
3  0 52 54
3  0 50 52
5  0 24 32 41 50
3  0 2 3
3  0 3 4
3  0 4 5
3  0 5 6
3  0 23 24
3  0 6 7
3  0 7 8
3  0 8 9
3  0 22 23
3  0 21 22
3  0 9 10
3  0 20 21
3  0 10 11
5  0 11 10 19 20
4  1 25 12 2
3  2 12 3
4  3 12 13 4
4  4 13 14 5
4  5 14 15 6
4  6 15 16 7
4  7 16 17 8
4  8 17 18 9
4  9 18 19 10
4  12 25 26 13
4  13 26 27 14
4  14 27 28 15
4  15 28 29 16
4  16 29 30 17
4  17 30 31 18
4  18 31 33 19
5  19 33 37 36 20
4  20 36 35 21
4  21 35 34 22
4  22 34 32 23
3  23 32 24
4  25 49 48 26
4  26 48 47 27
4  27 47 46 28
4  28 46 45 29
4  29 45 44 30
4  30 44 43 31
4  31 43 42 33
4  32 34 40 41
3  33 42 37
4  34 35 39 40
4  35 36 38 39
3  36 37 38
5  37 42 60 62 38
6  38 62 64 75 74 39
4  39 74 73 40
4  40 73 72 41
4  41 72 66 50
4  42 43 59 60
4  43 44 57 59
4  44 45 56 57
4  45 46 55 56
4  46 47 53 55
4  47 48 51 53
3  48 49 51
4  50 66 63 52
4  51 71 70 53
4  52 63 61 54
4  53 70 69 55
3  54 61 58
4  55 69 68 56
4  56 68 67 57
4  57 67 65 59
4  59 65 64 60
3  60 64 62
4  61 63 111 112
6  63 66 82 85 108 111
4  64 65 76 75
6  65 67 88 91 78 76
4  66 72 81 82
4  67 68 87 88
4  68 69 86 87
4  69 70 84 86
4  70 71 83 84
3  71 77 83
4  72 73 80 81
4  73 74 79 80
4  74 75 78 79
3  75 76 78
5  78 91 92 90 79
4  79 90 89 80
4  80 89 85 81
3  81 85 82
4  83 101 100 84
4  84 100 99 86
6  85 89 95 96 107 108
4  86 99 98 87
4  87 98 97 88
4  88 97 93 91
4  89 90 94 95
3  90 92 94
3  91 93 92
5  92 93 103 96 94
6  93 97 106 109 107 103
3  94 96 95
3  96 103 107
4  97 98 105 106
4  98 99 104 105
4  99 100 102 104
3  100 101 102
6  102 133 131 120 119 104
4  104 119 118 105
4  105 118 117 106
4  106 117 115 109
4  107 109 110 108
4  108 110 113 111
4  109 115 114 110
3  110 114 113
7  111 113 114 123 125 124 112
3  112 124 116
4  114 115 122 123
4  115 117 121 122
4  117 118 120 121
3  118 119 120
4  120 131 130 121
4  121 130 128 122
4  122 128 127 123
3  123 127 125
3  124 125 126
4  125 127 129 126
4  127 128 132 129
5  128 130 135 136 132
5  129 132 138 139 140
4  130 131 134 135
3  131 133 134
3  132 136 138
5  134 141 139 137 135
3  135 137 136
4  136 137 139 138
4  139 141 142 140
