113
0/1 1/1
1/1 20/21
1/1 28/29
1/1 45/46
1/1 56/57
1/1 69/70
1/1 74/75
1/1 298/301
1/1 240/241
1/1 1/1
19366/19349 18928/19349
23997/23969 23548/23969
29470/29429 29008/29429
31575/31529 31108/31529
126721/126507 41748/42169
101461/101249 100828/101249
10166/10141 9920/10141
392/391 392/391
4199/4187 12340/12561
87965/87697 87332/87697
2210/2203 15200/15421
5525/5507 16300/16521
109865/109483 108388/109483
284/283 280/283
559/557 3860/3899
9125/9091 26908/27273
25550/25453 25088/25453
6935/6907 20356/20721
53261/53041 52820/53041
230/229 224/229
1653/1645 1616/1645
2873/2859 60260/60039
6409/6377 44860/44639
10150/10097 9952/10097
375/373 368/373
7293/7253 21980/21759
8729/8679 2864/2893
158/157 160/157
34945/34721 34576/34721
273/271 272/271
3729/3701 11216/11103
22939/22751 22864/22751
241/239 238/239
113/112 1/1
22939/22721 22834/22721
34013/33667 33328/33667
3729/3691 11186/11073
565/559 8272/8385
1582/1565 7712/7825
2147/2123 6256/6369
83/82 42/41
549/541 6012/5951
12383/12191 12252/12191
63/62 88/93
18361/18027 5948/6009
4575/4489 4428/4489
4270/4189 4128/4189
3477/3409 3348/3409
139/136 33/34
6023/5877 17314/17631
4438/4327 21318/21635
317/309 22858/23175
95417/92933 91982/92933
12688/12315 760/821
203/197 198/197
301/291 96/97
4875/4709 4644/4709
175/169 333/338
57/55 54/55
250/241 1662/1687
1875/1807 1782/1807
215/207 478/483
2475/2369 2394/2369
545/519 178/173
79/75 4/5
6575/6207 2194/2069
83/78 14/13
72851/68001 24052/22667
30193/27813 9548/9271
27423/25063 25340/25063
83377/75507 24892/25169
4155/3757 18508/18785
3878/3505 17248/17525
2756/2445 599/652
171/151 140/151
208/183 56/61
265/227 3125/3178
3975/3403 3350/3403
2279/1947 4490/4543
2198/1865 9168/9325
2355/1997 9828/9985
47257/39987 13172/13329
5247/4427 4480/4427
15543/12983 13140/12983
5777/4821 1660/1607
17113/14133 4868/4711
13939/11415 814/761
263/213 76/71
101/81 10/9
24089/19059 6574/6353
1683/1313 1330/1313
43/33 76/77
10573/8043 2778/2681
20295/15311 15516/15311
141/106 54/53
9603/7193 7290/7193
109/81 28/27
15/11 54/55
2871/2099 2128/2099
29/21 1/1
99/71 72/71
7/5 49/50
239/169 168/169
111
3  0 74 63
5  0 76 77 96 98
4  0 63 58 53
3  0 75 76
7  0 53 49 30 29 16 1
3  0 1 2
3  0 2 3
3  0 73 75
5  0 50 51 72 73
3  0 3 4
5  0 37 40 46 50
3  0 4 5
3  0 5 6
3  0 6 7
3  0 35 37
3  0 7 8
3  0 32 35
3  0 8 9
3  0 31 32
5  0 17 19 28 31
5  0 9 8 15 17
4  1 16 10 2
3  2 10 3
4  3 10 11 4
4  4 11 12 5
4  5 12 13 6
4  6 13 14 7
4  7 14 15 8
4  10 16 18 11
4  11 18 20 12
4  12 20 21 13
5  13 21 23 22 14
4  14 22 19 15
3  15 19 17
4  16 29 27 18
4  18 27 26 20
4  19 22 24 28
4  20 26 25 21
3  21 25 23
3  22 23 24
5  23 25 34 36 24
4  24 36 38 28
4  25 26 33 34
4  26 27 30 33
3  27 29 30
4  28 38 39 31
4  30 49 48 33
6  31 39 42 43 41 32
4  32 41 40 35
4  33 48 47 34
4  34 47 45 36
3  35 40 37
5  36 45 43 42 38
3  38 42 39
4  40 41 44 46
3  41 43 44
5  43 45 54 52 44
4  44 52 51 46
4  45 47 55 54
3  46 51 50
4  47 48 56 55
4  48 49 57 56
4  49 53 58 57
6  51 52 64 65 71 72
4  52 54 62 64
4  54 55 61 62
4  55 56 60 61
4  56 57 59 60
3  57 58 59
8  58 63 83 84 82 69 68 59
4  59 68 67 60
4  60 67 66 61
4  61 66 65 62
3  62 65 64
3  63 74 83
4  65 66 70 71
4  66 67 69 70
3  67 68 69
4  69 82 81 70
4  70 81 80 71
4  71 80 79 72
4  72 79 78 73
4  73 78 77 75
3  75 77 76
4  77 78 94 96
4  78 79 92 94
4  79 80 88 92
4  80 81 87 88
4  81 82 86 87
3  82 84 86
3  83 85 84
4  84 85 89 86
4  86 89 90 87
4  87 90 91 88
4  88 91 93 92
5  89 111 109 107 90
6  90 107 105 103 101 91
4  91 101 100 93
4  92 93 95 94
4  93 100 99 95
4  94 95 97 96
3  95 99 97
5  96 97 99 102 98
5  99 100 103 104 102
3  100 101 103
3  102 104 106
3  103 105 104
4  104 105 108 106
4  105 107 109 108
3  108 109 110
4  109 111 112 110
