110
0/1 1/1
1/1 24/25
1/1 30/31
1/1 155/158
1/1 119/121
1/1 155/157
1/1 147/148
1/1 292/293
1/1 1/1
5846/5841 1910/1947
58201/58142 28590/29071
75517/75422 37230/37711
5476/5467 5430/5467
49454/49371 16144/16457
140933/140671 140190/140671
37873/37802 18588/18901
49141/49034 24204/24517
9731/9706 4890/4853
46324/46201 45888/46201
43771/43649 44130/43649
91709/91441 91128/91441
87061/86787 29410/28929
99567/99205 20322/19841
169793/169161 57830/56387
263/262 132/131
2812/2799 970/933
64753/64439 64218/64439
10582/10529 11010/10529
2516/2503 2486/2503
6031/5997 2110/1999
34697/34498 17028/17249
26741/26578 13068/13289
158/157 154/157
311/309 110/103
13673/13582 6678/6791
17741/17614 8694/8807
16724/16591 16478/16591
33109/32831 32718/32831
16463/16317 1914/1813
10283/10177 10290/10177
1111/1099 2299/2198
181/179 182/179
13195/13037 13182/13037
1919/1896 2629/2528
8497/8375 8346/8375
35653/35127 4004/3903
1073/1057 4199/4228
20907/20593 21098/20593
22765/22403 22113/22403
121/119 117/119
15857/15583 15381/15583
9191/9029 9130/9029
3737/3668 14571/14672
29593/29027 28926/29027
101/99 1/1
293/287 286/287
91/89 90/89
44/43 130/129
6068/5911 5870/5911
29325/28559 87802/85677
30005/29213 29978/29213
6437/6262 3090/3131
6460/6271 6526/6271
1870/1813 1898/1813
2771/2681 2834/2681
8282/7999 7630/7999
5617/5417 5130/5417
82/79 670/711
341/326 182/163
43/41 110/123
123/115 649/690
28085/26207 24772/26207
45151/42111 4956/4679
4141/3853 7337/7706
6094/5659 5936/5659
21052/19497 6776/6499
97781/89991 10276/9999
2493/2293 54124/52739
32185/29527 29117/29527
1517/1388 5511/5552
337/307 308/307
40996/37181 36904/37181
157/142 70/71
14145/12763 39314/38289
13172/11879 11790/11879
14473/13051 13420/13051
779/698 2915/2792
451/403 847/806
163/145 154/145
6141/5455 3362/3273
31417/27889 28690/27889
26/23 266/253
76/67 70/67
4589/4013 4130/4013
4485/3919 12082/11757
148/127 126/127
69759/58741 60426/58741
353/297 34/33
38295/32191 33116/32191
2626/2203 2086/2203
8905/7441 998/1063
6/5 14/15
685/569 534/569
202/167 158/167
43/35 34/35
101/81 17/18
345/271 838/813
22/17 18/17
207/157 162/157
137/97 90/97
110
3  0 69 67
5  0 33 38 64 68
3  0 67 66
3  0 29 33
3  0 66 65
3  0 27 29
9  0 65 61 50 49 34 32 13 1
3  0 1 2
3  0 25 27
3  0 2 3
3  0 23 25
3  0 22 23
3  0 3 4
3  0 21 22
3  0 4 5
3  0 5 6
3  0 19 21
3  0 17 19
3  0 6 7
3  0 7 8
5  0 8 7 14 17
4  1 13 9 2
3  2 9 3
4  3 9 10 4
4  4 10 11 5
4  5 11 12 6
4  6 12 14 7
4  9 13 15 10
4  10 15 16 11
4  11 16 18 12
4  12 18 20 14
4  13 32 31 15
4  14 20 24 17
4  15 31 30 16
4  16 30 28 18
6  17 24 26 37 39 19
4  18 28 26 20
4  19 39 41 21
3  20 26 24
6  21 41 42 51 47 22
4  22 47 45 23
4  23 45 43 25
4  25 43 40 27
4  26 28 36 37
4  27 40 38 29
4  28 30 35 36
3  29 38 33
4  30 31 34 35
3  31 32 34
4  34 49 48 35
4  35 48 46 36
4  36 46 44 37
4  37 44 42 39
4  38 40 63 64
3  39 42 41
4  40 43 62 63
5  42 44 53 54 51
4  43 45 60 62
4  44 46 52 53
4  45 47 59 60
4  46 48 50 52
5  47 51 56 57 59
3  48 49 50
4  50 61 58 52
3  51 54 56
5  52 58 57 55 53
3  53 55 54
4  54 55 57 56
6  57 58 79 80 77 59
4  58 61 78 79
4  59 77 76 60
4  60 76 75 62
4  61 65 73 78
4  62 75 74 63
4  63 74 72 64
3  64 72 68
4  65 66 71 73
4  66 67 70 71
3  67 69 70
4  70 101 100 71
4  71 100 99 73
4  72 74 87 88
6  73 99 95 84 82 78
4  74 75 86 87
4  75 76 85 86
4  76 77 83 85
3  77 80 83
4  78 82 81 79
3  79 81 80
5  80 81 84 89 83
3  81 82 84
4  83 89 90 85
4  84 95 94 89
4  85 90 92 86
4  86 92 91 87
3  87 91 88
4  89 94 93 90
3  90 93 92
7  91 92 93 97 98 106 107
4  93 94 96 97
3  94 95 96
6  95 99 103 104 98 96
3  96 98 97
3  98 104 106
4  99 100 102 103
3  100 101 102
5  102 109 108 105 103
3  103 105 104
4  104 105 108 106
3  106 108 107
