123
0/1 1/1
1/1 16/17
1/1 143/151
1/1 20/21
1/1 187/196
1/1 221/231
1/1 114/119
1/1 47/49
1/1 29/30
1/1 52/53
1/1 71/72
1/1 173/174
1/1 1/1
6188/6187 41320/43309
2431/2430 4882/5103
3757/3755 5036/5257
1547/1546 5190/5411
4379/4376 518/547
2210/2207 6400/6621
28420/28377 3008/3153
33495/33434 15992/16717
1015/1013 16496/17221
1421/1418 680/709
11713/11681 11460/11681
4350/4337 4192/4337
312/311 920/933
754/751 2240/2253
7685/7649 7504/7649
55913/55639 55860/55639
2088/2077 2048/2077
4420/4393 13400/13179
25230/25073 24928/25073
481/478 730/717
11050/10979 11200/10979
611/607 620/607
26962/26777 27440/26777
137/136 35/34
7337/7283 7312/7283
10370/10287 3514/3429
235/233 238/233
4250/4213 4298/4213
8700/8623 8768/8623
111/110 56/55
5100/5053 5138/5053
4301/4253 4270/4253
870/859 854/859
72/71 70/71
4505/4439 4354/4439
10614/10451 10390/10451
2550/2507 2422/2507
1403/1379 15230/15169
833/818 392/409
10115/9931 9506/9931
19635/19274 9212/9637
16660/16347 5194/5449
3660/3589 3650/3589
151/148 35/37
50/49 50/49
820/803 2450/2409
52724/51581 49160/51581
20713/20250 5806/6075
32011/31285 5988/6257
13181/12878 6170/6439
10373/10129 10170/10129
2690/2623 7600/7869
2378/2317 6910/6951
2173/2111 2070/2111
35/34 50/51
14257/13849 13580/13849
410/397 1150/1191
15602/15103 45040/45309
2009/1942 930/971
119/115 22/23
8477/8189 7843/8189
2959/2857 65980/65711
2595/2501 4829/5002
5380/5177 15800/15531
12643/12151 12420/12151
32818/31513 32320/31513
9169/8797 8624/8797
15051/14381 28589/28762
88501/84505 17708/16901
253/241 242/241
10730/10189 30382/30567
9805/9271 9086/9271
51917/49007 53580/49007
1850/1741 5038/5223
49/46 22/23
95/89 100/89
78/73 352/365
689/641 628/641
174/161 160/161
3281/3031 3320/3031
12/11 56/55
48198/43733 43456/43733
5593/5055 354/337
14681/13241 12964/13241
1662/1489 7168/7445
1037/927 635/618
799/713 730/713
231/206 98/103
1158/1027 4942/5135
10229/8999 8806/8999
1479/1301 2585/2602
81/71 70/71
901/787 770/787
33582/29327 29134/29327
15/13 25/26
9071/7801 7994/7801
2809/2413 2360/2413
23546/20211 6930/6737
4611/3929 7805/7858
329/279 98/93
2491/2087 2140/2087
61/51 35/34
13207/11017 11298/11017
24447/20017 39753/40034
53/43 42/43
290/233 694/699
49/39 49/52
47/37 38/37
87/67 133/134
193/137 154/137
124
3  0 85 88
3  0 1 2
3  0 2 3
3  0 3 4
3  0 4 5
3  0 81 85
3  0 5 6
3  0 6 7
3  0 7 8
3  0 8 9
5  0 36 38 78 81
3  0 35 36
3  0 34 35
3  0 33 34
3  0 9 10
3  0 32 33
3  0 30 32
3  0 10 11
3  0 11 12
3  0 28 30
5  0 12 11 26 28
3  1 17 2
5  2 17 19 13 3
3  3 13 4
4  4 13 14 5
4  5 14 15 6
4  6 15 16 7
4  7 16 18 8
4  8 18 23 9
4  9 23 25 10
4  10 25 26 11
4  13 19 20 14
4  14 20 21 15
4  15 21 22 16
4  16 22 24 18
4  17 56 54 19
4  18 24 27 23
4  19 54 53 20
4  20 53 52 21
4  21 52 51 22
4  22 51 49 24
4  23 27 29 25
4  24 49 47 27
4  25 29 31 26
4  26 31 37 28
4  27 47 46 29
4  28 37 41 30
4  29 46 45 31
4  30 41 42 32
4  31 45 44 37
4  32 42 40 33
4  33 40 39 34
4  34 39 38 35
3  35 38 36
4  37 44 43 41
4  38 39 77 78
6  39 40 57 58 76 77
5  40 42 43 55 57
3  41 43 42
4  43 44 50 55
4  44 45 48 50
3  45 46 48
5  46 47 66 65 48
5  47 49 64 67 66
4  48 65 63 50
4  49 51 62 64
4  50 63 58 55
4  51 52 61 62
4  52 53 60 61
4  53 54 59 60
3  54 56 59
3  55 58 57
4  58 63 74 76
8  59 119 117 109 107 101 100 60
8  60 100 97 89 87 73 72 61
4  61 72 71 62
4  62 71 69 64
4  63 65 70 74
3  64 69 67
4  65 66 68 70
3  66 67 68
5  67 69 75 79 68
4  68 79 80 70
4  69 71 73 75
4  70 80 82 74
3  71 72 73
4  73 87 86 75
6  74 82 83 91 93 76
4  75 86 84 79
6  76 93 94 103 99 77
4  77 99 98 78
4  78 98 95 81
4  79 84 83 80
3  80 83 82
4  81 95 92 85
4  83 84 90 91
4  84 86 89 90
3  85 92 88
3  86 87 89
4  89 97 96 90
4  90 96 94 91
3  91 94 93
8  92 95 112 114 115 120 121 122
5  94 96 102 104 103
4  95 98 110 112
4  96 97 101 102
3  97 100 101
4  98 99 108 110
4  99 103 106 108
4  101 107 105 102
3  102 105 104
3  103 104 106
5  104 105 109 111 106
3  105 107 109
4  106 111 113 108
4  108 113 114 110
4  109 117 116 111
3  110 114 112
4  111 116 115 113
3  113 115 114
4  115 116 118 120
3  116 117 118
4  117 119 121 118
3  118 121 120
