106
0/1 1/1
1/1 20/21
1/1 161/169
1/1 195/203
1/1 30/31
1/1 37/38
1/1 116/119
1/1 241/247
1/1 103/105
1/1 71/72
1/1 1/1
37349/37348 8895/9337
18278/18271 17790/18271
4403/4401 1430/1467
118807/118746 19310/19791
6409/6404 10765/11207
50505/50462 24750/25231
34632/34591 34110/34591
494/493 480/493
3757/3749 25580/26243
54587/54466 26570/27233
450/449 450/449
1105/1102 11350/11571
312/311 920/933
305/304 75/76
30312/30211 29790/30211
44205/44042 21600/22021
247/246 40/41
15225/15154 7432/7577
67847/67519 67740/67519
403/401 2820/2807
2088/2077 2048/2077
481/478 730/717
611/607 620/607
44515/44191 44336/44191
31465/31231 31376/31231
1360/1349 1400/1349
36907/36593 38140/36593
44200/43811 45800/43811
111/110 56/55
26962/26693 28240/26693
95/94 50/47
1085/1073 1078/1073
26095/25801 25886/25801
5002/4943 5230/4943
72/71 70/71
8200/8081 8450/8081
6847/6743 7030/6743
3280/3227 3350/3227
18727/18409 18470/18409
13237/13009 13070/13009
1927/1889 1930/1889
50/49 50/49
2867/2809 2870/2809
4880/4767 1650/1589
8897/8689 8730/8689
12587/12289 12330/12289
167/163 170/163
916/893 18547/17860
35/34 50/51
10763/10447 10676/10447
49693/48017 48246/48017
70303/67907 68136/67907
117/113 340/339
82583/79751 80020/79751
58373/56351 56620/56351
12643/12151 12420/12151
27251/26119 25432/26119
4351/4169 8109/8338
21520/20593 21400/20593
200/191 200/191
46487/44383 42551/44383
169/161 153/161
11920/11353 11800/11353
25375/24103 23103/24103
7003/6631 6780/6631
475/449 873/898
2975/2811 912/937
32333/30431 30580/30431
45743/43031 43180/43031
193/181 180/181
307/287 288/287
1043/971 16060/16507
5662/5269 5120/5269
203/188 45/47
3451/3191 3104/3191
14326/13241 12864/13241
323/298 144/149
10526/9691 9414/9691
32963/30333 9834/10111
1157/1057 992/1057
217/197 198/197
2023/1811 1760/1811
19/17 33/34
2023/1809 586/603
403/353 288/353
47/41 42/41
119/101 98/101
436/355 7427/7100
19669/15919 14814/15919
61/49 15/14
1370/1083 3025/2888
87/67 135/134
4/3 21/20
89/65 12/13
41/29 28/29
104
3  0 95 90
3  0 40 41
8  0 90 87 84 74 72 11 1
3  0 1 2
3  0 2 3
3  0 38 40
3  0 37 38
3  0 3 4
3  0 36 37
3  0 4 5
3  0 5 6
3  0 6 7
3  0 7 8
3  0 33 36
3  0 8 9
3  0 32 33
3  0 9 10
3  0 30 32
3  0 29 30
4  0 21 24 29
5  0 10 9 17 21
3  1 11 2
4  2 11 15 3
5  3 15 18 12 4
3  4 12 5
4  5 12 13 6
4  6 13 14 7
4  7 14 16 8
4  8 16 17 9
4  11 72 71 15
4  12 18 19 13
4  13 19 20 14
4  14 20 22 16
4  15 71 68 18
4  16 22 23 17
4  17 23 24 21
4  18 68 67 19
7  19 67 63 59 28 27 20
4  20 27 26 22
4  22 26 25 23
3  23 25 24
5  24 25 31 34 29
4  25 26 28 31
3  26 27 28
6  28 59 56 49 45 31
4  29 34 35 30
4  30 35 39 32
4  31 45 43 34
7  32 39 42 50 52 51 33
4  33 51 48 36
4  34 43 42 35
3  35 42 39
4  36 48 47 37
4  37 47 46 38
4  38 46 44 40
3  40 44 41
4  42 43 49 50
3  43 45 49
6  44 46 70 73 98 100
6  46 47 57 58 69 70
4  47 48 54 57
4  48 51 53 54
4  49 56 55 50
3  50 55 52
3  51 52 53
5  52 55 61 60 53
4  53 60 58 54
3  54 58 57
4  55 56 62 61
4  56 59 63 62
4  58 60 66 69
4  60 61 65 66
4  61 62 64 65
3  62 63 64
6  63 67 77 80 79 64
4  64 79 78 65
4  65 78 75 66
4  66 75 73 69
4  67 68 76 77
4  68 71 74 76
3  69 73 70
3  71 72 74
5  73 75 96 97 98
4  74 84 83 76
6  75 78 91 92 94 96
4  76 83 82 77
3  77 82 80
6  78 79 81 85 89 91
3  79 80 81
4  80 82 85 81
4  82 83 86 85
4  83 84 87 86
4  85 86 88 89
3  86 87 88
10  87 90 99 102 101 98 97 94 93 88
4  88 93 92 89
3  89 92 91
3  90 95 99
3  92 93 94
3  94 97 96
3  98 101 100
3  99 104 102
3  101 102 103
4  102 104 105 103
