111
0/1 1/1
1/1 16/17
1/1 24/25
1/1 30/31
1/1 94/97
1/1 37/38
1/1 45/46
1/1 52/53
1/1 109/111
1/1 104/105
1/1 199/200
1/1 1/1
9703/9697 9384/9697
30361/30339 9800/10113
11894/11881 11568/11881
14398/14377 14064/14377
16589/16561 16248/16561
34743/34682 17028/17341
6573/6557 32472/32785
2504/2497 62112/62425
4495/4481 4336/4481
14065/14019 4528/4673
50706/50519 50832/50519
263/262 132/131
5510/5489 5344/5489
11934/11887 35882/35661
230/229 224/229
7685/7649 7504/7649
16095/16018 7864/8009
200/199 198/199
15225/15137 14992/15137
162/161 162/161
145/144 1/1
15225/15103 14958/15103
495/491 496/491
111/110 54/55
6815/6751 6896/6751
1247/1235 1264/1235
8925/8833 8748/8833
3915/3871 4016/3871
23055/22777 23792/22777
8415/8303 8388/8303
10005/9868 2612/2467
799/787 804/787
3655/3599 3684/3599
11455/11257 12272/11257
459/451 468/451
2703/2653 396/379
5865/5744 1521/1436
198/193 224/193
79/77 12/11
851/821 2611/2463
1961/1883 844/807
333/319 994/957
43/41 42/41
1739/1657 1694/1657
1221/1159 3514/3477
35/33 98/99
4917/4603 13958/13809
831/776 4739/4462
7003/6529 6678/6529
6407/5969 6118/5969
44043/40873 6116/5839
1341/1243 3878/3729
203/188 49/47
7479/6919 7196/6919
53/49 22/21
51/47 440/423
11911/10951 11228/10951
13019/11959 12236/11959
3655/3347 3432/3347
47/43 44/43
27423/25063 25340/25063
935/851 7744/7659
14681/13241 12964/13241
554/499 11200/11477
10526/9461 9184/9461
901/809 792/809
97/87 28/29
1955/1753 3421/3506
19/17 33/34
391/349 681/698
901/803 786/803
1683/1477 1494/1477
47/41 42/41
731/637 654/637
15/13 434/429
459/397 414/397
69/59 63/59
689/587 574/587
2990/2543 2478/2543
155/131 126/131
7587/6397 6678/6397
4255/3571 6957/7142
9805/8213 8028/8213
12083/10093 10374/10093
27819/23029 23310/23029
57/47 189/188
18315/15043 15228/15043
43/35 36/35
53/43 42/43
165/133 404/399
5/4 1/1
165/131 398/393
230/181 176/181
9/7 22/21
2409/1831 5566/5493
41/31 28/31
23/17 33/34
99/71 72/71
239/169 168/169
110
3  0 45 49
7  0 107 104 93 91 20 1
3  0 1 2
3  0 42 45
3  0 40 42
3  0 2 3
3  0 39 40
3  0 3 4
3  0 4 5
3  0 5 6
3  0 37 39
3  0 6 7
3  0 36 37
3  0 7 8
3  0 8 9
3  0 34 36
3  0 9 10
6  0 23 25 31 32 34
3  0 22 23
3  0 10 11
5  0 11 10 19 22
4  1 20 12 2
3  2 12 3
4  3 12 13 4
4  4 13 14 5
4  5 14 15 6
4  6 15 16 7
4  7 16 17 8
4  8 17 18 9
4  9 18 19 10
4  12 20 21 13
4  13 21 24 14
4  14 24 26 15
4  15 26 27 16
4  16 27 28 17
4  17 28 30 18
6  18 30 32 31 29 19
4  19 29 25 22
7  20 91 90 81 80 78 21
4  21 78 76 24
3  22 25 23
4  24 76 75 26
3  25 29 31
4  26 75 74 27
8  27 74 72 58 57 38 35 28
4  28 35 33 30
3  30 33 32
5  32 33 38 41 34
3  33 35 38
4  34 41 43 36
4  36 43 44 37
4  37 44 46 39
4  38 57 56 41
4  39 46 47 40
4  40 47 48 42
4  41 56 55 43
4  42 48 50 45
4  43 55 54 44
4  44 54 53 46
5  45 50 51 59 49
4  46 53 52 47
4  47 52 51 48
3  48 51 50
4  51 52 62 59
5  52 53 63 64 62
4  53 54 61 63
4  54 55 60 61
4  55 56 58 60
3  56 57 58
4  58 72 69 60
6  59 62 66 67 87 88
4  60 69 68 61
4  61 68 65 63
3  62 64 66
3  63 65 64
4  64 65 67 66
4  65 68 70 67
4  67 70 85 87
4  68 69 71 70
4  69 72 73 71
4  70 71 84 85
4  71 73 83 84
4  72 74 77 73
4  73 77 82 83
4  74 75 79 77
4  75 76 80 79
3  76 78 80
4  77 79 81 82
3  79 80 81
4  81 90 89 82
4  82 89 86 83
3  83 86 84
5  84 86 96 95 85
4  85 95 92 87
5  86 89 94 97 96
3  87 92 88
4  89 90 93 94
3  90 91 93
6  92 95 99 101 103 105
5  93 104 102 100 94
3  94 100 97
4  95 96 98 99
3  96 97 98
5  97 100 102 101 98
3  98 101 99
3  101 102 103
5  102 104 108 106 103
3  103 106 105
5  104 107 110 109 108
3  106 108 109
