99
0/1 1/1
1/1 26/27
1/1 28/29
1/1 42/43
1/1 196/199
1/1 67/68
1/1 106/107
1/1 127/128
1/1 287/288
1/1 1/1
18103/18089 17668/18089
15695/15679 15314/15679
83779/83667 27468/27889
28628/28589 28168/28589
72635/72517 71422/72517
24820/24779 24414/24779
45047/44969 44548/44969
53888/53789 53368/53789
7811/7795 7722/7795
121248/120989 120568/120989
46720/46619 46254/46619
421/420 1/1
11680/11651 104494/104859
147771/147391 147812/147391
142298/141931 142352/141931
365/364 1/1
4745/4731 128102/127737
338/337 338/337
109863/109537 109850/109537
313/312 1/1
288/287 286/287
21050/20971 21392/20971
265/264 1/1
18103/18031 18452/18031
93015/92641 92906/92641
247/246 42/41
6235/6209 6354/6209
7250/7217 7362/7217
196/195 66/65
13250/13177 13442/13177
11395/11329 11594/11329
50895/50561 50706/50561
150/149 154/149
145/144 1/1
128/127 126/127
731/725 742/725
4250/4213 4298/4213
113/112 1/1
13221/13099 39410/39297
98/97 98/97
2295/2269 29582/29497
1130/1117 5698/5585
85/84 1/1
4859/4801 4914/4801
1819/1795 1778/1795
11639/11476 2982/2869
5780/5699 5614/5699
995/981 322/327
3655/3599 3514/3599
1695/1667 26474/25005
151/148 35/37
48/47 154/141
11567/11249 10980/11249
53531/51947 51140/51947
18292/17749 17480/17749
13875/13447 42746/40341
28783/27889 27620/27889
269/260 1/1
117/113 340/339
229/221 1/1
19055/18356 4774/4589
107/103 102/103
25/24 1/1
1591/1525 1562/1525
9250/8857 9042/8857
68/65 64/65
185/176 1/1
36815/34853 34298/34853
9250/8743 8928/8743
215/203 198/203
215/203 208/203
3125/2947 6019/5894
4975/4683 1536/1561
125/117 1/1
24875/23151 7592/7717
3125/2903 5931/5806
103/95 99/95
2125/1943 3971/3886
199/179 176/179
22625/20209 17459/20209
2330/2059 10528/10295
223/195 4/5
15/13 16/15
545/461 4719/4610
37105/31162 13326/15581
211/169 12/13
181/139 117/139
250/187 192/187
431/305 288/305
97
3  0 91 89
7  0 89 84 82 79 62 60
3  0 59 61
5  0 60 58 11 1
3  0 55 59
3  0 1 2
3  0 2 3
5  0 42 45 53 55
5  0 35 36 40 42
3  0 33 35
3  0 3 4
3  0 31 33
3  0 4 5
3  0 5 6
3  0 6 7
3  0 7 8
3  0 8 9
3  0 24 31
3  0 23 24
4  0 9 21 23
4  1 11 10 2
3  2 10 3
4  3 10 12 4
4  4 12 13 5
4  5 13 16 6
4  6 16 17 7
4  7 17 19 8
4  8 19 21 9
4  10 11 14 12
4  11 58 57 14
4  12 14 15 13
4  13 15 18 16
4  14 57 56 15
4  15 56 54 18
4  16 18 20 17
4  17 20 22 19
6  18 54 52 47 44 20
4  19 22 25 21
6  20 44 43 32 30 22
4  21 25 26 23
4  22 30 29 25
4  23 26 27 24
7  24 27 28 34 38 37 31
4  25 29 28 26
3  26 28 27
4  28 29 32 34
3  29 30 32
4  31 37 36 33
4  32 43 41 34
3  33 36 35
3  34 41 38
4  36 37 39 40
3  37 38 39
6  38 41 48 49 46 39
4  39 46 45 40
3  40 45 42
4  41 43 47 48
3  43 44 47
4  45 46 51 53
3  46 49 51
4  47 52 50 48
3  48 50 49
9  49 50 68 69 72 75 76 74 51
4  50 52 67 68
4  51 74 73 53
4  52 54 66 67
4  53 73 70 55
4  54 56 64 66
4  55 70 65 59
4  56 57 63 64
4  57 58 62 63
3  58 60 62
3  59 65 61
4  62 79 77 63
5  63 77 76 75 64
5  64 75 72 71 66
6  65 70 86 87 90 92
4  66 71 69 67
3  67 69 68
3  69 71 72
6  70 73 80 81 85 86
4  73 74 78 80
3  74 76 78
6  76 77 82 83 81 78
3  77 79 82
3  78 81 80
3  81 83 85
3  82 84 83
5  83 84 88 87 85
7  84 89 94 95 93 90 88
3  85 87 86
3  87 88 90
3  89 91 94
3  90 93 92
3  93 95 97
3  94 96 95
4  95 96 98 97
