90
0/1 1/1
1/1 28/29
1/1 254/263
1/1 59/61
1/1 103/106
1/1 257/264
1/1 1/1
110723/110721 35644/36907
25681/25678 12418/12839
44626/44607 14448/14869
111144/111083 15448/15869
106513/106231 106652/106231
81253/81031 81452/81031
305/304 77/76
29470/29371 29792/29371
23997/23911 24332/23911
22313/22231 22652/22231
19787/19711 20132/19711
42653/42481 42702/42481
247/246 42/41
55913/55681 55902/55681
1363/1357 1386/1357
7685/7649 7794/7649
1653/1645 1674/1645
10150/10097 10242/10097
27985/27809 27954/27809
36685/36449 36594/36449
19448/19311 56386/57933
1802/1789 1738/1789
13481/13378 6468/6689
58123/57671 55682/57671
54808/54329 4718/4939
38280/37897 36882/37897
299/296 209/222
15370/15213 4926/5071
1769/1750 846/875
38135/37719 4046/4191
169/167 154/167
248/245 234/245
111775/110191 106366/110191
1037/1022 494/511
45050/44357 43082/44357
37400/36811 107458/110433
4485/4411 4151/4411
107525/105161 105586/105161
82025/80201 80626/80201
17095/16713 1792/1857
793/775 749/775
3445/3363 2177/2242
29750/29033 29458/29033
165/161 179/184
323/315 962/945
22525/21961 22386/21961
235/229 234/229
689/671 684/671
3705/3607 3672/3607
2275/2213 4491/4426
2509/2435 2448/2435
3289/3191 3204/3191
65/63 1/1
16445/15923 15988/15923
12545/12143 12208/12143
175/169 343/338
57/55 56/55
250/241 1712/1687
429/413 459/472
53/51 33/34
11418/10981 42713/43924
4825/4639 4664/4639
6325/6079 6104/6079
93/89 88/89
6600/6287 6112/6287
253/241 242/241
61/58 28/29
13112/12439 5182/5331
166/157 154/157
88/83 242/249
193/181 182/181
307/287 286/287
14/13 66/65
263/243 26/27
12/11 54/55
14681/13241 13518/13241
897/808 189/202
97/87 30/29
901/803 820/803
17/15 22/25
69/59 55/59
53/43 44/43
7/5 4/5
89
5  0 89 88 87 86
5  0 86 83 43 37
3  0 37 33
3  0 33 31
5  0 31 30 7 1
3  0 1 2
3  0 2 3
3  0 3 4
3  0 4 5
3  0 5 6
7  0 19 21 53 54 82 84
3  0 17 19
3  0 16 17
3  0 15 16
3  0 14 15
3  0 13 14
3  0 12 13
3  0 11 12
5  0 6 5 10 11
3  1 7 2
4  2 7 8 3
4  3 8 9 4
4  4 9 10 5
4  7 30 29 8
4  8 29 28 9
4  9 28 27 10
4  10 27 20 11
4  11 20 18 12
3  12 18 13
5  13 18 25 24 14
4  14 24 23 15
4  15 23 22 16
4  16 22 21 17
3  17 21 19
4  18 20 26 25
4  20 27 32 26
4  21 22 52 53
4  22 23 51 52
4  23 24 49 51
4  24 25 45 49
4  25 26 44 45
4  26 32 42 44
4  27 28 34 32
4  28 29 35 34
4  29 30 36 35
4  30 31 38 36
6  31 33 43 46 39 38
4  32 34 41 42
3  33 37 43
4  34 35 40 41
4  35 36 39 40
3  36 38 39
4  39 46 47 40
4  40 47 48 41
4  41 48 50 42
5  42 50 59 58 44
5  43 83 81 80 46
4  44 58 57 45
4  45 57 56 49
7  46 80 78 76 74 73 47
6  47 73 71 67 66 48
4  48 66 65 50
4  49 56 55 51
3  50 65 59
4  51 55 54 52
3  52 54 53
7  54 55 63 64 79 81 82
4  55 56 62 63
4  56 57 61 62
4  57 58 60 61
3  58 59 60
6  59 65 67 70 69 60
4  60 69 68 61
4  61 68 64 62
3  62 64 63
5  64 68 77 78 79
3  65 66 67
3  67 71 70
5  68 69 72 75 77
3  69 70 72
5  70 71 74 75 72
3  71 73 74
3  74 76 75
4  75 76 78 77
4  78 80 81 79
5  81 83 87 85 82
3  82 85 84
3  83 86 87
3  85 87 88
