92
0/1 1/1
1/1 24/25
1/1 30/31
1/1 32/33
1/1 137/141
1/1 452/465
1/1 119/121
1/1 177/179
1/1 1/1
15873/15871 15390/15871
67821/67804 16470/16951
7215/7213 217350/223603
10329/10321 10008/10321
44133/44092 10710/11023
29109/29081 10872/11185
58201/58142 28590/29071
6623/6614 3270/3307
37873/37802 18588/18901
481/480 1/1
450/449 450/449
56027/55898 27636/27949
421/420 1/1
363/362 180/181
75359/75122 37140/37561
313/312 1/1
91709/91391 91704/91391
50941/50762 24960/25381
11581/11539 58008/57695
263/262 132/131
40885/40721 40942/40721
3809/3793 3806/3793
465/463 450/463
221/220 1/1
179/178 88/89
31097/30919 30405/30919
145/144 1/1
8497/8435 8464/8435
26825/26623 26768/26623
257/255 1/1
75301/74683 74940/74683
239/237 80/79
47545/47143 47400/47143
225/223 225/223
36445/36103 36300/36103
57721/57163 57360/57163
197/195 1/1
193/191 195/191
23837/23539 23145/23539
26825/26479 26624/26479
42485/41923 42068/41923
145/143 1/1
141/139 135/139
121/119 117/119
101/99 1/1
293/287 288/287
3737/3659 18396/18295
425/416 1/1
233/227 234/227
4675/4547 13216/13641
49765/48169 48438/48169
269/260 1/1
59/57 160/171
2959/2837 8242/8511
47/45 26/27
407/389 1130/1167
11029/10453 9646/10453
37/35 1/1
6845/6463 6500/6463
4035/3808 2587/2856
31/29 30/29
119/111 286/333
481/445 2238/2225
13/12 1/1
723/659 8921/9885
429/391 378/391
9881/8929 8206/8929
79/71 66/71
533/477 146/159
9/8 9/10
2651/2339 6776/7017
6437/5667 1732/1889
241/209 1/1
8917/7709 38786/38545
5181/4441 4284/4441
157/132 1/1
37/31 156/155
109/91 1/1
11/9 26/27
283/227 264/227
5/4 1/1
41/31 28/31
239/169 168/169
91
3  0 70 68
3  0 68 65
4  0 65 63 61
5  0 61 58 12 1
3  0 1 2
5  0 69 71 82 88
3  0 2 3
3  0 3 4
5  0 57 59 67 69
3  0 4 5
3  0 5 6
5  0 46 48 55 57
3  0 6 7
4  0 40 42 46
3  0 7 8
5  0 28 29 37 40
3  0 27 28
3  0 25 27
5  0 19 21 24 25
4  0 8 18 19
4  1 12 9 2
3  2 9 3
4  3 9 10 4
4  4 10 11 5
4  5 11 15 6
4  6 15 16 7
4  7 16 18 8
4  9 12 13 10
4  10 13 14 11
4  11 14 17 15
7  12 58 56 53 52 51 13
6  13 51 47 34 31 14
4  14 31 26 17
4  15 17 20 16
5  16 20 22 21 18
4  17 26 23 20
3  18 21 19
3  20 23 22
3  21 22 24
5  22 23 33 32 24
6  23 26 34 38 35 33
4  24 32 30 25
4  25 30 29 27
3  26 31 34
3  27 29 28
4  29 30 36 37
4  30 32 35 36
3  32 33 35
4  34 47 45 38
4  35 38 39 36
4  36 39 41 37
4  37 41 42 40
4  38 45 44 39
4  39 44 43 41
3  41 43 42
4  42 43 48 46
4  43 44 49 48
4  44 45 50 49
4  45 47 52 50
3  47 51 52
4  48 49 54 55
4  49 50 53 54
3  50 52 53
3  53 56 54
5  54 56 60 59 55
3  55 59 57
4  56 58 62 60
4  58 61 63 62
4  59 60 66 67
4  60 62 64 66
3  62 63 64
6  63 65 75 76 74 64
4  64 74 72 66
4  65 68 73 75
4  66 72 71 67
3  67 71 69
3  68 70 73
4  71 72 81 82
4  72 74 79 81
4  73 78 77 75
3  74 76 79
3  75 77 76
5  76 77 80 83 79
3  77 78 80
4  79 83 84 81
5  80 90 89 87 83
4  81 84 85 82
7  82 85 86 89 90 91 88
4  83 87 86 84
3  84 86 85
3  86 87 89
