88
0/1 1/1
1/1 18/19
1/1 37/39
1/1 281/296
1/1 28/29
1/1 298/305
1/1 99/101
1/1 362/369
1/1 113/114
1/1 1/1
7059/7058 3348/3529
53576/53565 3390/3571
128405/128303 17908/18329
42521/42478 20818/21239
155349/155183 21748/22169
47994/47909 47488/47909
421/420 1/1
334/333 112/111
55205/55033 53766/55033
18281/18218 8928/9109
66789/66553 65286/66553
265/264 1/1
30210/30073 29808/30073
219/218 108/109
1086/1081 20358/20539
369/367 360/367
181/180 1/1
52852/52503 17682/17501
14649/14551 28845/29102
257/255 1/1
124/123 42/41
18761/18591 25045/24788
209/207 70/69
24820/24567 8274/8189
92777/91703 94530/91703
85/84 1/1
31611/31237 32265/31237
1799/1777 7365/7108
110767/109361 6690/6433
9690/9563 9478/9563
145/143 150/143
8585/8458 4144/4229
25925/25529 3562/3647
17671/17393 18090/17393
1148/1129 1170/1129
1681/1652 1280/1239
14801/14539 14990/14539
25160/24669 7798/8223
51/50 308/325
6715/6571 6146/6571
11972/11707 11830/11707
41/40 1/1
38/37 110/111
317/308 1/1
33/32 7/8
292/283 286/283
269/260 1/1
27169/26122 12792/13061
305/293 286/293
17473/16769 16423/16769
173/165 1/1
1027/973 908/973
361/341 32/31
507/478 226/239
296/279 88/93
377/352 1/1
101/94 46/47
14/13 64/65
2929/2714 1328/1357
13/12 1/1
296/271 256/271
1313/1202 588/601
11/10 24/25
507/458 216/229
23533/21218 10376/10609
79/71 66/71
3133/2797 7909/8391
41/36 28/27
24341/21349 20867/21349
59/51 154/153
101/86 42/43
1687/1433 5973/5732
103871/88039 92136/88039
49/41 44/41
431/355 372/355
28/23 24/23
13/10 14/15
431/305 322/305
87
3  0 54 49
5  0 49 48 10 1
3  0 1 2
3  0 2 3
3  0 3 4
5  0 40 43 82 83
3  0 38 40
3  0 37 38
3  0 4 5
3  0 36 37
3  0 34 36
4  0 30 32 34
3  0 5 6
3  0 6 7
3  0 7 8
3  0 27 30
5  0 17 21 26 27
3  0 8 9
4  0 9 16 17
3  1 10 2
4  2 10 11 3
5  3 11 18 12 4
3  4 12 5
4  5 12 13 6
4  6 13 14 7
4  7 14 15 8
4  8 15 16 9
4  10 48 47 11
4  11 47 42 18
4  12 18 19 13
4  13 19 20 14
5  14 20 23 22 15
4  15 22 21 16
3  16 21 17
4  18 42 41 19
6  19 41 39 28 25 20
3  20 25 23
4  21 22 24 26
3  22 23 24
4  23 25 28 24
4  24 28 29 26
4  26 29 31 27
4  27 31 32 30
4  28 39 35 29
4  29 35 33 31
3  31 33 32
5  32 33 50 46 34
4  33 35 51 50
4  34 46 45 36
4  35 39 52 51
4  36 45 44 37
4  37 44 43 38
3  38 43 40
6  39 41 57 56 53 52
4  41 42 58 57
6  42 47 64 66 59 58
4  43 44 81 82
5  44 45 77 79 81
8  45 46 62 65 69 71 74 77
6  46 50 55 56 60 62
4  47 48 63 64
4  48 49 61 63
3  49 54 61
4  50 51 53 55
3  51 52 53
3  53 56 55
4  56 57 59 60
3  57 58 59
5  59 66 67 65 60
3  60 65 62
4  61 75 73 63
5  63 73 72 70 64
4  64 70 68 66
3  65 67 69
3  66 68 67
4  67 68 71 69
4  68 70 72 71
3  71 72 74
5  72 73 76 78 74
3  73 75 76
4  74 78 79 77
5  76 86 85 80 78
3  78 80 79
4  79 80 85 81
4  81 85 84 82
3  82 84 83
4  84 85 86 87
