130
0/1 1/1
1/1 15/16
1/1 115/122
1/1 21/22
1/1 30/31
1/1 72/73
1/1 74/75
1/1 278/281
1/1 121/122
1/1 184/185
1/1 1/1
15677/15667 29535/31334
35113/35071 34590/35071
36075/36031 35550/36031
135161/134973 44510/44991
4514/4507 4470/4507
88985/88831 88350/88831
2827/2821 5385/5642
51467/51329 51810/51329
39923/39809 40290/39809
2158/2151 730/717
78403/78147 26530/26049
15873/15809 16290/15809
25493/25378 13170/12689
35113/34947 12130/11649
171/170 18/17
18761/18647 18390/18647
19275/19157 18900/19157
72217/71751 23660/23917
15677/15571 30885/31142
47545/47207 46950/47207
27499/27253 27510/27253
4453/4413 1532/1471
21331/21133 21390/21133
3233/3202 1662/1601
21331/21117 14335/14078
41891/41469 14080/13823
183/181 2052/1991
177/175 36/35
8481/8383 8640/8383
13621/13451 13965/13451
18761/18519 6430/6173
9943/9813 3332/3271
10126/9993 3392/3331
5063/4991 5052/4991
6527/6431 6492/6431
129/127 135/127
11285/11089 11028/11089
7442/7309 7248/7309
17141/16827 5548/5609
4575/4489 4428/4489
4453/4369 4308/4369
4745/4647 1614/1549
3445/3371 3501/3371
429/419 432/419
122/119 1248/1309
10595/10317 3504/3439
5395/5253 3567/3502
7442/7243 6816/7243
1079/1049 1062/1049
106/103 96/103
6955/6757 6822/6757
22570/21871 20576/21871
12025/11639 11574/11639
61/59 117/118
8473/8189 40716/40945
4070/3929 3744/3929
107/103 104/103
4625/4433 4408/4433
7025/6723 2216/2241
1875/1793 1768/1793
365/349 344/349
68/65 64/65
2701/2581 2544/2581
4625/4419 13072/13257
51985/49627 49072/49627
34225/32617 32432/32617
15355/14551 14736/14551
550/521 496/521
166/157 160/157
3050/2879 2704/2879
12367/11671 11820/11671
27565/25849 25700/25849
281/263 260/263
49025/45791 45526/45791
29/27 8/9
83/77 78/77
481/443 2202/2215
195/179 882/895
73/67 66/67
5125/4703 13904/14109
37925/34679 34474/34679
1037/943 1767/1886
33415/30229 30844/30229
187/169 321/338
2255/2029 6292/6087
10865/9743 10153/9743
14965/13399 14014/13399
1275/1133 1116/1133
3145/2783 2766/2783
149/131 143/131
2771/2421 824/807
561/487 504/487
901/779 813/779
73/63 22/21
8321/7166 3740/3583
5181/4441 4598/4441
5777/4943 5161/4943
1199/1021 3172/3063
25591/21771 7414/7257
17767/15013 15340/15013
37/31 154/155
109/91 1/1
545/451 6656/6765
17767/14653 14980/14653
11/9 28/27
815/661 676/661
1199/971 1833/1942
61/49 13/14
137/109 2261/2398
125/99 292/297
37/29 28/29
10275/7963 7826/7963
22/17 16/17
163/123 42/41
1455/1093 5368/5465
97/72 1/1
15/11 54/55
53/38 20/19
41/29 30/29
128
5  0 85 80 62 60
5  0 60 58 11 1
3  0 1 2
5  0 46 52 97 100
5  0 25 32 41 46
3  0 2 3
3  0 3 4
3  0 24 25
3  0 23 24
3  0 4 5
3  0 22 23
3  0 21 22
3  0 20 21
3  0 5 6
3  0 6 7
3  0 19 20
3  0 7 8
3  0 18 19
3  0 8 9
3  0 9 10
5  0 10 9 16 18
3  1 11 2
4  2 11 17 3
5  3 17 26 12 4
3  4 12 5
4  5 12 13 6
4  6 13 14 7
4  7 14 15 8
4  8 15 16 9
4  11 58 55 17
4  12 26 27 13
4  13 27 28 14
4  14 28 29 15
4  15 29 30 16
4  16 30 31 18
4  17 55 51 26
4  18 31 33 19
4  19 33 35 20
4  20 35 36 21
5  21 36 38 37 22
4  22 37 34 23
4  23 34 32 24
3  24 32 25
4  26 51 50 27
4  27 50 49 28
4  28 49 48 29
4  29 48 47 30
4  30 47 45 31
4  31 45 44 33
4  32 34 40 41
4  33 44 43 35
4  34 37 39 40
4  35 43 42 36
3  36 42 38
3  37 38 39
5  38 42 56 54 39
4  39 54 53 40
4  40 53 52 41
3  41 52 46
4  42 43 57 56
4  43 44 59 57
4  44 45 61 59
4  45 47 63 61
4  47 48 64 63
6  48 49 69 68 65 64
4  49 50 70 69
4  50 51 71 70
5  51 55 66 72 71
4  52 53 96 97
4  53 54 95 96
4  54 56 93 95
4  55 58 62 66
8  56 57 79 81 86 87 91 93
4  57 59 77 79
3  58 60 62
6  59 61 67 68 76 77
4  61 63 65 67
4  62 80 78 66
3  63 64 65
3  65 68 67
3  66 78 72
4  68 69 75 76
4  69 70 74 75
4  70 71 73 74
3  71 72 73
7  72 78 94 98 90 89 73
4  73 89 88 74
6  74 88 87 84 83 75
4  75 83 82 76
4  76 82 81 77
3  77 81 79
4  78 80 92 94
3  80 85 92
4  81 82 84 86
3  82 83 84
3  84 87 86
4  87 88 90 91
3  88 89 90
4  90 98 99 91
4  91 99 101 93
4  92 118 117 94
4  93 101 102 95
4  94 117 113 98
4  95 102 103 96
4  96 103 104 97
5  97 104 105 107 100
5  98 113 112 111 99
4  99 111 109 101
4  101 109 106 102
4  102 106 105 103
3  103 105 104
4  105 106 108 107
4  106 109 110 108
7  107 108 115 116 124 126 128
4  108 110 114 115
4  109 111 112 110
3  110 112 114
5  112 113 120 116 114
5  113 117 119 121 120
3  114 116 115
4  116 120 122 124
3  117 118 119
3  119 123 121
3  120 121 122
4  121 123 125 122
4  122 125 126 124
3  125 127 126
4  126 127 129 128
