98
0/1 1/1
1/1 26/29
1/1 218/233
1/1 243/259
1/1 24/25
1/1 40/41
1/1 46/47
1/1 97/98
1/1 272/273
1/1 1/1
12833/12817 12504/12817
14711/14689 14376/14689
30674/30601 30288/30601
85449/85201 84888/85201
313/312 1/1
75433/75167 75480/75167
49141/48959 49272/48959
45072/44903 45216/44903
41316/41159 41472/41159
939/935 23688/23375
213/212 54/53
375/373 378/373
3828/3805 3834/3805
20880/20753 20898/20753
4553/4525 4554/4525
34945/34721 34866/34721
145/144 1/1
273/271 270/271
257/255 1/1
99025/98233 91858/98233
241/239 240/239
110075/109136 6396/6821
113/112 1/1
98/97 96/97
85/84 1/1
157/155 156/155
145/143 1/1
17425/17143 16718/17143
19975/19639 19214/19639
117/115 338/345
6815/6697 6552/6697
5945/5839 5694/5839
425/416 1/1
20400/19939 60242/59817
44/43 130/129
656/641 5810/5769
37555/36653 34333/36653
41/40 1/1
33785/32959 30784/32959
656/639 5792/5751
1025/997 3032/2991
35/34 52/51
6725/6523 19838/19569
12912/12503 37778/37509
16385/15811 27417/31622
53/51 130/153
12643/12151 11882/12151
11029/10591 10322/10591
20114/19211 16630/19211
69671/66236 15483/16559
62677/59545 11102/11909
154/145 26/29
226/211 182/211
20737/19225 3578/3845
23051/21344 1245/1334
3649/3319 3230/3319
4183/3799 3710/3799
44969/40569 12558/13523
49987/45032 5243/5629
48/43 130/129
10951/9671 9438/9671
7913/6983 6790/6983
212/187 182/187
9553/8423 8190/8423
9071/7991 7798/7991
37/32 13/14
2895/2501 12698/12505
386/331 6482/6289
3088/2631 4578/4385
329/279 98/93
11849/10001 9712/10001
281/237 6601/6320
799/673 656/673
5339/4469 9219/8938
4215/3497 17766/17485
403/333 112/111
21675/17839 18128/17839
38/31 32/31
13207/10697 10416/10697
11521/9311 9030/9311
125/101 308/303
47/37 36/37
233/183 56/61
3315/2537 12906/12685
3977/3017 2920/3017
4/3 21/20
15/11 56/55
41/29 28/29
97
3  0 55 54
5  0 54 48 29 1
3  0 1 2
3  0 2 3
3  0 3 4
3  0 4 5
3  0 78 79
3  0 77 78
3  0 5 6
3  0 6 7
5  0 51 52 76 77
5  0 20 21 50 51
3  0 19 20
3  0 7 8
3  0 18 19
3  0 17 18
3  0 16 17
3  0 15 16
3  0 8 9
4  0 9 14 15
3  1 29 2
4  2 29 31 3
5  3 31 37 10 4
3  4 10 5
4  5 10 11 6
4  6 11 12 7
4  7 12 13 8
4  8 13 14 9
4  10 37 38 11
7  11 38 39 36 34 33 12
6  12 33 32 28 27 13
4  13 27 26 14
4  14 26 25 15
4  15 25 24 16
4  16 24 23 17
4  17 23 22 18
4  18 22 21 19
3  19 21 20
6  21 22 44 45 49 50
4  22 23 43 44
6  23 24 35 36 42 43
6  24 25 30 32 34 35
4  25 26 28 30
3  26 27 28
3  28 32 30
4  29 48 46 31
4  31 46 41 37
3  32 33 34
3  34 36 35
3  36 39 42
4  37 41 40 38
3  38 40 39
7  39 40 56 53 49 47 42
4  40 41 57 56
4  41 46 59 57
4  42 47 45 43
3  43 45 44
3  45 47 49
4  46 48 60 59
5  48 54 58 61 60
4  49 53 52 50
3  50 52 51
6  52 53 69 70 74 76
4  53 56 66 69
3  54 55 58
4  56 57 65 66
4  57 59 64 65
3  58 62 61
4  59 60 63 64
3  60 61 63
4  61 62 67 63
4  63 67 68 64
4  64 68 71 65
5  65 71 72 70 66
3  66 70 69
6  67 92 89 80 75 68
4  68 75 73 71
3  70 72 74
3  71 73 72
5  72 73 80 82 74
3  73 75 80
5  74 82 85 84 76
4  76 84 83 77
4  77 83 81 78
3  78 81 79
4  80 89 88 82
6  81 83 87 90 93 95
3  82 88 85
4  83 84 86 87
3  84 85 86
5  85 88 91 90 86
3  86 90 87
6  88 89 94 96 93 91
3  89 92 94
3  90 91 93
3  93 96 95
3  94 97 96
