111
0/1 1/1
1/1 18/19
1/1 20/21
1/1 30/31
1/1 91/94
1/1 121/124
1/1 236/239
1/1 132/133
1/1 1/1
45214/45213 14590/15071
1924/1923 19390/19871
3801/3799 3618/3799
114959/114813 37790/38271
63973/63871 63390/63871
17014/16977 5478/5659
3367/3359 104610/104129
77922/77729 78210/77729
75517/75329 75810/75329
39923/39809 40290/39809
36075/35969 36450/35969
22444/22377 7278/7459
24050/23969 24450/23969
47619/47458 24210/23729
295/294 50/49
17919/17858 9110/8929
9050/9019 9200/9019
13575/13519 13700/13519
43259/43077 14178/14359
15023/14959 15140/14959
1267/1261 23778/23959
28417/28279 28460/28279
29322/29179 29360/29179
39277/39079 39260/39079
181/180 1/1
39277/39041 39222/39041
162/161 162/161
1267/1259 23740/23921
6293/6253 6282/6253
43259/42963 14140/14321
3857/3827 3798/3827
124/123 40/41
239/237 78/79
3743/3709 25766/25963
2261/2237 2220/2237
6107/6041 42484/42287
30929/30587 30784/30587
16351/16157 16354/16157
14775/14597 14794/14597
3689/3643 3660/3643
157/155 156/155
4925/4861 9919/9722
19503/19249 19643/19249
6293/6211 6240/6211
56933/56159 57538/56159
141/139 143/139
29189/28751 29458/28751
133/131 130/131
9999/9841 10043/9841
505/497 5071/4970
1515/1489 7546/7445
13237/13009 13070/13009
8383/8237 8338/8237
111/109 110/109
5063/4969 5030/4969
4575/4489 4550/4489
21917/21503 21604/21503
50/49 50/49
1025/1003 3050/3009
3403/3329 3370/3329
8897/8689 8730/8689
4747/4623 2981/3082
2121/2059 1958/2059
1111/1077 1694/1795
3854/3733 3610/3733
1717/1659 2563/2765
287/277 790/831
55/53 50/53
259/249 710/747
47/45 22/25
1739/1663 3215/3326
8029/7583 7620/7583
3071/2893 2930/2893
925/871 2650/2613
33/31 95/93
4709/4422 3408/3685
6625/6207 18886/18621
21995/20597 20862/20597
11501/10739 10792/10739
5817/5407 5130/5407
26038/24033 7734/8011
383/353 342/353
2491/2293 4427/4586
1855/1697 4826/5091
217/197 198/197
22525/20419 18829/20419
799/713 1375/1426
35/31 88/93
6110/5363 5168/5363
223/193 152/193
83/71 72/71
2491/2073 1329/1382
85/69 21/23
6439/5067 3241/3378
9118/6963 2224/2321
10275/7787 7924/7787
289/217 32/31
7625/5669 17312/17007
172/127 128/127
15/11 56/55
94/67 64/67
41/29 28/29
109
5  0 98 94 84 78
3  0 78 74
3  0 74 72
5  0 72 71 11 1
3  0 1 2
3  0 2 3
3  0 3 4
3  0 4 5
3  0 53 54
3  0 5 6
5  0 23 24 51 53
3  0 22 23
3  0 21 22
3  0 19 21
3  0 6 7
3  0 18 19
3  0 7 8
3  0 17 18
3  0 16 17
3  0 15 16
5  0 8 7 13 15
3  1 11 2
5  2 11 14 9 3
3  3 9 4
4  4 9 10 5
4  5 10 12 6
4  6 12 13 7
4  9 14 20 10
4  10 20 27 12
4  11 71 70 14
4  12 27 29 13
5  13 29 33 32 15
8  14 70 65 60 56 43 40 20
4  15 32 31 16
4  16 31 30 17
4  17 30 28 18
4  18 28 26 19
4  19 26 25 21
4  20 40 38 27
4  21 25 24 22
3  22 24 23
4  24 25 50 51
4  25 26 47 50
4  26 28 46 47
4  27 38 36 29
4  28 30 45 46
3  29 36 33
6  30 31 35 37 44 45
4  31 32 34 35
3  32 33 34
5  33 36 39 37 34
3  34 37 35
4  36 38 41 39
4  37 39 42 44
5  38 40 43 42 41
3  39 41 42
4  42 43 48 44
4  43 56 52 48
4  44 48 49 45
7  45 49 52 60 62 61 46
4  46 61 59 47
4  47 59 58 50
3  48 52 49
4  50 58 57 51
4  51 57 55 53
3  52 56 60
3  53 55 54
6  55 57 83 85 104 105
6  57 58 66 67 82 83
4  58 59 64 66
4  59 61 63 64
3  60 65 62
3  61 62 63
5  62 65 69 68 63
4  63 68 67 64
3  64 67 66
4  65 70 73 69
4  67 68 81 82
4  68 69 80 81
4  69 73 79 80
4  70 71 75 73
4  71 72 76 75
6  72 74 84 88 77 76
4  73 75 77 79
3  74 78 84
3  75 76 77
4  77 88 89 79
5  79 89 90 87 80
4  80 87 86 81
4  81 86 85 82
3  82 85 83
4  84 94 92 88
6  85 86 99 100 102 104
6  86 87 93 95 97 99
3  87 90 93
4  88 92 91 89
3  89 91 90
4  90 91 95 93
4  91 92 96 95
6  92 94 101 100 97 96
5  94 98 103 102 101
3  95 96 97
3  97 100 99
3  100 101 102
5  102 103 107 106 104
3  103 109 107
3  104 106 105
3  106 107 108
4  107 109 110 108
