108
0/1 1/1
1/1 20/23
1/1 130/139
1/1 290/309
1/1 62/65
1/1 448/467
1/1 76/79
1/1 28/29
1/1 37/38
1/1 72/73
1/1 227/230
1/1 1/1
15998/15989 15568/15989
30733/30689 30268/30689
96830/96687 31808/32229
421/420 1/1
91357/91111 91532/91111
55572/55411 55832/55411
34522/34411 34832/34411
465/463 476/463
10537/10471 21199/20942
8481/8423 33949/33692
55769/55367 55624/55367
257/255 1/1
29555/29277 19261/19518
18761/18583 18326/18583
4883/4829 9401/9658
20303/20049 6426/6683
467/461 442/461
1343/1325 1274/1325
190/187 182/187
37391/36761 34340/36761
27707/27217 76540/81651
6205/6091 6006/6091
97750/95941 94666/95941
425/416 1/1
17485/17107 16300/17107
1085/1061 1066/1061
44/43 130/129
8897/8689 8730/8689
21251/20747 19940/20747
41/40 1/1
10222/9949 9680/9949
9430/9173 9050/9173
73/71 70/71
7475/7269 4781/4846
2690/2609 59200/60007
65/63 1/1
2821/2731 2744/2731
269/260 1/1
533/515 1043/1030
58373/56351 56620/56351
82/79 80/79
6955/6693 2296/2231
53/51 35/34
18511/17811 6110/5937
155/149 1048/1043
25/24 1/1
5750/5499 1808/1833
37541/35857 36030/35857
173/165 1/1
190/181 176/181
19895/18897 12425/12598
79/75 24/25
3287/3109 6045/6218
147/139 135/139
475/449 873/898
14375/13521 8889/9014
865/813 3350/3523
125/117 1/1
309/289 270/289
5425/5069 5094/5069
3601/3345 5298/5575
13375/12387 4254/4129
875/808 3357/3232
10526/9691 9414/9691
149/137 144/137
554/507 19158/19435
2492/2279 2368/2279
9523/8677 8944/8677
277/252 1/1
217/197 198/197
85/77 1/1
9775/8801 17347/17602
89/80 1/1
19/17 33/34
20470/18283 18016/18283
55/49 48/49
1955/1737 1141/1158
17/15 1/1
445/391 4816/5083
139/121 112/121
107/93 32/31
1417/1219 5768/6095
337/288 1/1
46/39 64/65
157/132 1/1
109/91 1/1
28/23 24/23
11/9 28/27
1853/1487 1596/1487
5/4 1/1
89/71 77/71
1241/983 1056/983
9/7 22/21
17/13 14/13
65/47 44/47
41/29 28/29
106
3  0 1 2
3  0 2 3
3  0 3 4
3  0 100 102
6  0 76 78 98 99 100
3  0 4 5
3  0 5 6
3  0 6 7
3  0 74 76
3  0 7 8
5  0 54 55 73 74
3  0 53 54
5  0 19 20 50 53
3  0 8 9
3  0 9 10
3  0 10 11
3  0 18 19
3  0 17 18
3  0 16 17
4  0 11 15 16
3  1 31 2
4  2 31 32 3
4  3 32 36 4
6  4 36 40 29 28 5
4  5 28 27 6
5  6 27 26 12 7
3  7 12 8
4  8 12 13 9
4  9 13 14 10
4  10 14 15 11
4  12 26 25 13
4  13 25 24 14
4  14 24 23 15
4  15 23 22 16
4  16 22 21 17
4  17 21 20 18
3  18 20 19
6  20 21 38 39 48 50
4  21 22 37 38
4  22 23 35 37
4  23 24 34 35
4  24 25 33 34
4  25 26 30 33
4  26 27 29 30
3  27 28 29
4  29 40 42 30
6  30 42 46 45 44 33
6  31 91 90 72 70 32
4  32 70 68 36
4  33 44 43 34
4  34 43 41 35
4  35 41 39 37
5  36 68 65 63 40
3  37 39 38
4  39 41 47 48
4  40 63 61 42
4  41 43 45 47
4  42 61 58 46
3  43 44 45
4  45 46 49 47
4  46 58 57 49
4  47 49 51 48
4  48 51 52 50
4  49 57 56 51
6  50 52 56 59 55 53
3  51 56 52
3  53 55 54
4  55 59 71 73
4  56 57 60 59
4  57 58 62 60
4  58 61 64 62
4  59 60 69 71
4  60 62 67 69
4  61 63 65 64
4  62 64 66 67
3  64 65 66
5  65 68 72 75 66
4  66 75 77 67
4  67 77 80 69
3  68 70 72
4  69 80 81 71
6  71 81 82 84 79 73
5  72 90 87 85 75
4  73 79 78 74
3  74 78 76
4  75 85 83 77
4  77 83 82 80
6  78 79 92 94 96 98
4  79 84 89 92
3  80 82 81
4  82 83 86 84
4  83 85 87 86
4  84 86 88 89
3  86 87 88
7  87 90 93 97 96 95 88
4  88 95 94 89
3  89 94 92
3  90 91 93
5  93 106 104 101 97
3  94 95 96
4  96 97 99 98
3  97 101 99
5  99 101 104 103 100
3  100 103 102
3  103 104 105
4  104 106 107 105
