99
0/1 1/1
1/1 22/23
1/1 57/59
1/1 30/31
1/1 91/94
1/1 36/37
1/1 268/275
1/1 281/284
1/1 223/225
1/1 350/351
1/1 1/1
45214/45213 14590/15071
17797/17791 17310/17791
132275/132217 128850/132217
15635/15622 7546/7811
4982/4977 1606/1659
136604/136413 44990/45471
9805/9791 9526/9791
108225/108062 53550/54031
72875/72761 70906/72761
168831/168511 168030/168511
419/418 210/209
15052/15009 4950/5003
4745/4731 127372/127737
59625/59446 29458/29723
311/310 154/155
9125/9094 40558/40923
284/283 280/283
93015/92687 92422/92687
16575/16514 24550/24771
25857/25747 77020/77241
219/218 110/109
200/199 200/199
64532/64177 64840/64177
63531/63161 62980/63161
337/335 68/67
40725/40462 20050/20231
18761/18639 25109/24852
90207/89473 89216/89473
49775/49367 48100/49367
6697/6641 6460/6641
17014/16863 5440/5621
225/223 221/223
10679/10582 5110/5291
69147/68473 68276/68473
14381/14214 19149/18952
3152/3113 12649/12452
239/236 55/59
56933/56159 57538/56159
197/194 5629/5432
18703/18322 8844/9161
29798/29177 28226/29177
10638/10411 44993/41644
14381/14067 5083/4689
11729/11471 11154/11471
3487/3409 11858/12175
241/235 52/47
37089/36061 107866/108183
292/283 286/283
10877/10526 5710/5263
10728/10369 33640/31107
117/113 338/339
3664/3521 14313/14084
66181/63449 65052/63449
1603/1532 6357/6128
87/83 260/249
4172/3971 4120/3971
2533/2401 5980/5831
9536/9011 9160/9011
18/17 13/12
40975/38143 5300/5449
5513/5129 4980/5129
14006/13007 12560/13007
8791/8158 3930/4079
41/38 1105/1064
59245/54631 56066/54631
3280/3013 12257/12052
56375/50837 49402/50837
1517/1367 1326/1367
9635/8663 16711/17326
59/53 51/53
799/717 461/478
233/209 180/209
629/563 546/563
4675/4181 4062/4181
8/7 57/56
55/47 228/235
8695/7347 4713/4898
1369/1153 1116/1153
2669/2209 38652/37553
28/23 24/23
1445/1177 1212/1177
43/35 36/35
53465/43489 44784/43489
37/29 28/29
73/57 21/19
289/217 32/31
94/67 64/67
41/29 28/29
97
5  0 82 73 50 47
3  0 53 56
3  0 52 53
5  0 47 43 14 1
3  0 1 2
3  0 49 52
3  0 2 3
3  0 3 4
3  0 4 5
3  0 5 6
3  0 6 7
3  0 48 49
3  0 46 48
5  0 35 37 45 46
3  0 7 8
3  0 33 35
4  0 31 32 33
3  0 8 9
5  0 21 23 28 31
3  0 9 10
5  0 10 9 20 21
3  1 14 2
5  2 14 15 11 3
3  3 11 4
4  4 11 12 5
4  5 12 13 6
4  6 13 16 7
4  7 16 18 8
4  8 18 20 9
4  11 15 17 12
4  12 17 19 13
4  13 19 22 16
4  14 43 41 15
4  15 41 40 17
4  16 22 24 18
4  17 40 39 19
5  18 24 25 23 20
6  19 39 36 29 27 22
3  20 23 21
4  22 27 26 24
3  23 25 28
3  24 26 25
5  25 26 29 30 28
3  26 27 29
4  28 30 32 31
4  29 36 34 30
3  30 34 32
5  32 34 38 37 33
3  33 37 35
4  34 36 42 38
6  36 39 55 57 44 42
4  37 38 44 45
3  38 42 44
4  39 40 54 55
4  40 41 51 54
4  41 43 50 51
3  43 47 50
4  44 57 58 45
5  45 58 61 62 46
4  46 62 63 48
4  48 63 64 49
5  49 64 65 60 52
4  50 73 72 51
4  51 72 71 54
4  52 60 59 53
3  53 59 56
4  54 71 70 55
6  55 70 68 62 61 57
3  57 61 58
8  59 60 69 74 90 91 93 95
3  60 65 69
4  62 68 67 63
4  63 67 66 64
3  64 66 65
4  65 66 74 69
4  66 67 75 74
4  67 68 76 75
4  68 70 77 76
4  70 71 78 77
4  71 72 79 78
4  72 73 80 79
5  73 82 87 81 80
4  74 75 89 90
5  75 76 85 86 89
4  76 77 84 85
4  77 78 83 84
4  78 79 81 83
3  79 80 81
4  81 87 88 83
7  83 88 92 91 89 86 84
3  84 86 85
5  87 97 96 94 88
3  88 94 92
3  89 91 90
3  91 92 93
4  92 94 96 93
5  93 96 97 98 95
