131
0/1 1/1
1/1 11/13
1/1 223/249
1/1 130/137
1/1 41/43
1/1 193/202
1/1 30/31
1/1 36/37
1/1 37/38
1/1 63/64
1/1 69/70
1/1 188/189
1/1 1/1
17797/17791 17310/17791
18278/18271 17790/18271
30784/30751 30270/30751
2590/2587 2550/2587
90909/90751 90270/90751
481/480 1/1
68302/68129 68610/68129
42809/42689 43170/42689
6253/6235 39138/38657
78403/78147 26530/26049
1739/1733 1770/1733
99567/99205 20322/19841
13357/13303 13710/13303
11063/11009 11490/11009
358/355 78/71
43077/42437 37939/42437
269/263 6318/6049
97109/94619 97578/94619
807/785 11102/10833
12643/12289 12558/12289
43847/42587 43394/42587
108407/105125 21294/21025
23941/23209 23478/23209
23701/22969 21758/22969
38198/36989 37258/36989
7439/7199 6853/7199
17473/16899 10747/11266
269/260 1/1
16947/16357 48802/49071
18830/18131 17862/18131
17216/16571 16302/16571
6401/6157 5984/6157
3287/3161 6149/6322
305/293 286/293
10222/9811 9542/9811
9953/9551 9282/9551
2768/2653 10439/10612
6055/5801 11429/11602
32697/31237 31064/31237
54338/51899 49478/51899
11567/11042 5252/5521
173/165 1/1
36853/35137 33254/35137
12283/11689 23551/23378
15397/14633 14806/14633
5363/5095 13420/13247
28199/26739 9086/8913
8131/7703 7876/7703
35811/33895 6952/6779
361/341 32/31
8671/8171 75424/73539
1363/1283 1312/1283
61451/57781 58912/57781
83/78 8/9
151931/142531 144416/142531
33553/31463 31840/31463
53534/50119 50496/50119
377/352 1/1
2639/2459 66016/66393
14/13 64/65
2457/2273 2260/2273
13/12 1/1
1846/1699 1712/1699
1157/1063 1076/1063
5239/4811 4876/4811
2119/1941 660/647
31921/29231 27600/29231
47/43 44/43
13855/12659 12914/12659
10019/9154 4344/4577
47066/42961 40864/42961
34255/31211 31636/31211
7565/6889 6974/6889
1207/1097 2211/2194
85/77 1/1
8621/7801 7568/7801
8854/8009 7776/8009
1785/1613 14432/14517
14912/13417 13184/13417
199/179 176/179
1360/1223 4807/4892
2097/1877 39184/39417
19/17 33/34
233/208 1/1
136/121 951/968
33086/29431 29664/29431
89/79 80/79
1207/1069 2155/2138
3213/2843 2826/2843
17/15 1/1
3213/2827 2810/2827
8/7 55/56
15183/13207 39380/39621
629/547 530/547
17111/14779 29799/29558
101/87 55/58
403/347 352/347
43/37 35/37
11009/9461 17941/18922
47854/41071 41408/41071
27/23 160/161
4033/3427 3318/3427
3763/3181 6415/6362
8639/7251 2470/2417
10971/9175 1888/1835
71/59 119/118
23/19 20/19
345/281 868/843
6845/5557 5372/5557
815/661 676/661
101/81 17/18
8177/6467 6246/6467
47/37 36/37
37/29 28/29
36023/27453 9372/9151
207/157 162/157
163/123 42/41
137/97 90/97
131
3  0 1 2
3  0 2 3
3  0 3 4
3  0 4 5
3  0 5 6
3  0 26 27
3  0 6 7
3  0 25 26
3  0 7 8
3  0 8 9
3  0 24 25
3  0 23 24
3  0 22 23
3  0 9 10
3  0 10 11
3  0 21 22
3  0 20 21
3  0 19 20
3  0 11 12
4  0 12 18 19
3  1 28 2
4  2 28 36 3
4  3 36 38 4
4  4 38 39 5
5  5 39 44 13 6
3  6 13 7
4  7 13 14 8
4  8 14 15 9
4  9 15 16 10
4  10 16 17 11
4  11 17 18 12
4  13 44 45 14
5  14 45 46 43 15
4  15 43 42 16
4  16 42 41 17
4  17 41 40 18
4  18 40 37 19
4  19 37 35 20
4  20 35 34 21
4  21 34 33 22
4  22 33 32 23
4  23 32 31 24
4  24 31 30 25
4  25 30 29 26
3  26 29 27
4  28 66 55 36
6  29 30 62 63 117 119
4  30 31 61 62
4  31 32 60 61
4  32 33 59 60
4  33 34 58 59
4  34 35 57 58
4  35 37 56 57
4  36 55 53 38
4  37 40 54 56
4  38 53 52 39
4  39 52 48 44
4  40 41 51 54
4  41 42 50 51
4  42 43 49 50
3  43 46 49
4  44 48 47 45
3  45 47 46
5  46 47 89 91 49
4  47 48 88 89
4  48 52 83 88
7  49 91 92 90 73 72 50
4  50 72 71 51
4  51 71 70 54
4  52 53 82 83
4  53 55 79 82
4  54 70 69 56
3  55 66 79
4  56 69 68 57
4  57 68 67 58
4  58 67 65 59
4  59 65 64 60
4  60 64 63 61
3  61 63 62
6  63 64 80 81 116 117
4  64 65 78 80
4  65 67 77 78
4  67 68 76 77
4  68 69 75 76
4  69 70 74 75
4  70 71 73 74
3  71 72 73
4  73 90 87 74
4  74 87 86 75
4  75 86 85 76
4  76 85 84 77
4  77 84 81 78
3  78 81 80
9  79 130 129 126 124 123 111 110 82
6  81 84 109 112 115 116
4  82 110 108 83
4  83 108 106 88
6  84 85 99 100 107 109
4  85 86 98 99
4  86 87 96 98
4  87 90 94 96
6  88 106 104 97 95 89
4  89 95 93 91
3  90 92 94
3  91 93 92
5  92 93 97 101 94
3  93 95 97
4  94 101 102 96
4  96 102 100 98
4  97 104 103 101
3  98 100 99
5  100 102 103 105 107
3  101 103 102
3  103 104 105
7  104 106 114 118 115 113 105
4  105 113 112 107
4  106 108 111 114
3  107 112 109
3  108 110 111
4  111 123 121 114
3  112 113 115
3  114 121 118
7  115 118 121 124 125 122 116
4  116 122 120 117
3  117 120 119
4  120 122 127 128
3  121 123 124
3  122 125 127
3  124 126 125
4  125 126 129 127
3  127 129 128
