122
0/1 1/1
1/1 15/16
1/1 62/65
1/1 28/29
1/1 104/107
1/1 36/37
1/1 134/137
1/1 52/53
1/1 67/68
1/1 208/211
1/1 278/281
1/1 1/1
45047/45027 14588/15009
15577/15569 15148/15569
57677/57627 18788/19209
22313/22289 21868/22289
28628/28589 28168/28589
88831/88707 29148/29569
118301/118107 38948/39369
16705/16671 5300/5557
421/420 1/1
55993/55831 56252/55831
42100/41971 42392/41971
69886/69633 23632/23211
27499/27381 8870/9127
9509/9467 9210/9467
6315/6287 187796/182323
35209/35031 11420/11677
13621/13547 13290/13547
2105/2093 9092/8671
4369/4343 17115/17372
54227/53901 17710/17967
72217/71751 23660/23917
28207/28024 7427/7006
257/255 1/1
34181/33883 34140/33883
6425/6367 25725/25468
102/101 112/101
21331/21117 14335/14078
111795/110509 113850/110509
145/143 150/143
5945/5839 18050/17517
6806/6667 6790/6667
4100/4009 4050/4009
5453/5329 5370/5329
1675/1636 434/409
41/40 1/1
11521/11213 11090/11213
8651/8413 8290/8413
2788/2711 2670/2711
2173/2111 2070/2111
137/133 130/133
12137/11773 11544/11773
3893/3772 14859/15088
48319/46811 46124/46811
10875/10531 10856/10531
64349/62281 61594/62281
229/221 1/1
830/801 272/267
30457/29333 29562/29333
2500/2407 2432/2407
107/103 104/103
1145/1102 22269/22040
475/457 3224/3199
19007/18253 37193/36506
25/24 1/1
6641/6357 7564/7335
7025/6723 2216/2241
5275/5043 1656/1681
68/65 64/65
39035/37307 36752/37307
51985/49627 49072/49627
185/176 1/1
15343/14567 15483/14567
1295/1229 23536/23351
18500/17543 17728/17543
166/157 160/157
14900/14051 14200/14051
19817/18671 18820/18671
149/140 1/1
281/263 260/263
31/29 65/58
265/247 1/1
7049/6551 6604/6551
6625/6151 24869/24604
38425/35399 8434/8169
67/61 65/61
7395/6629 6850/6629
425/377 1525/1508
2261/2003 2020/2003
17/15 1/1
3587/3141 1030/1047
901/787 770/787
629/547 530/547
107/93 30/31
12469/10831 10494/10831
17861/15439 15102/15439
71107/61293 20094/20431
1105/951 300/317
337/288 1/1
6403/5447 38466/38129
1348/1145 28962/28625
87/73 378/365
6/5 7/8
1405/1163 23541/23260
37373/30883 31164/30883
281/231 1/1
59291/48261 15806/16087
53/43 42/43
1055/853 838/853
5/4 1/1
8905/7089 2226/2363
211/167 164/167
37/29 28/29
28907/22419 7336/7473
18221/13877 14014/13877
25/19 77/76
9709/7363 7436/7363
211/157 154/157
133/97 98/97
65/47 44/47
41/29 28/29
122
5  0 37 45 73 81
5  0 103 98 19 1
3  0 1 2
3  0 33 37
3  0 29 33
3  0 2 3
3  0 3 4
3  0 26 29
3  0 4 5
3  0 5 6
3  0 6 7
3  0 7 8
3  0 23 26
3  0 8 9
3  0 9 10
3  0 10 11
3  0 22 23
3  0 21 22
4  0 11 20 21
3  1 19 2
5  2 19 24 12 3
3  3 12 4
4  4 12 13 5
4  5 13 14 6
4  6 14 15 7
4  7 15 16 8
4  8 16 17 9
4  9 17 18 10
4  10 18 20 11
4  12 24 25 13
4  13 25 27 14
4  14 27 28 15
4  15 28 30 16
4  16 30 31 17
4  17 31 32 18
4  18 32 34 20
4  19 98 94 24
4  20 34 35 21
4  21 35 36 22
4  22 36 38 23
4  23 38 39 26
4  24 94 93 25
6  25 93 92 52 51 27
4  26 39 40 29
4  27 51 50 28
4  28 50 49 30
6  29 40 41 55 45 33
4  30 49 48 31
4  31 48 47 32
4  32 47 46 34
3  33 45 37
4  34 46 44 35
4  35 44 43 36
4  36 43 42 38
4  38 42 41 39
3  39 41 40
4  41 42 58 55
4  42 43 60 58
5  43 44 59 61 60
4  44 46 57 59
4  45 55 66 73
4  46 47 56 57
4  47 48 54 56
4  48 49 53 54
4  49 50 52 53
3  50 51 52
6  52 92 91 70 69 53
4  53 69 68 54
4  54 68 67 56
4  55 58 64 66
4  56 67 65 57
4  57 65 63 59
4  58 60 62 64
3  59 63 61
3  60 61 62
5  61 63 74 75 62
4  62 75 76 64
4  63 65 72 74
6  64 76 77 84 85 66
4  65 67 71 72
4  66 85 86 73
4  67 68 70 71
3  68 69 70
6  70 91 90 82 80 71
4  71 80 79 72
4  72 79 78 74
3  73 86 81
4  74 78 77 75
3  75 77 76
4  77 78 83 84
4  78 79 82 83
3  79 80 82
4  82 90 89 83
4  83 89 88 84
4  84 88 87 85
3  85 87 86
4  87 88 101 102
4  88 89 100 101
4  89 90 99 100
4  90 91 97 99
4  91 92 96 97
4  92 93 95 96
3  93 94 95
5  94 98 111 113 95
6  95 113 112 109 108 96
4  96 108 107 97
4  97 107 106 99
3  98 103 111
4  99 106 105 100
4  100 105 104 101
3  101 104 102
4  104 105 115 116
6  105 106 110 112 114 115
4  106 107 109 110
3  107 108 109
3  109 112 110
5  111 120 118 114 113
3  112 113 114
4  114 118 117 115
3  115 117 116
3  117 118 119
4  118 120 121 119
