116
0/1 1/1
1/1 16/17
1/1 20/21
1/1 94/97
1/1 169/174
1/1 59/60
1/1 99/100
1/1 181/182
1/1 210/211
1/1 304/305
1/1 326/327
1/1 1/1
1261/1259 1220/1259
12818/12795 7456/7677
340/339 1000/1017
14065/14019 4528/4673
25230/25141 24416/25141
22100/22021 21800/22021
5746/5723 39840/40061
46631/46441 46220/46441
67405/67121 66900/67121
1417/1411 4220/4233
8700/8657 8512/8657
28288/28139 28360/28139
1411/1403 1420/1403
351/349 1060/1047
14500/14417 14272/14417
5278/5245 5216/5245
30595/30401 30256/30401
44225/43937 43792/43937
9483/9421 9392/9421
84643/84029 7860/7639
90389/89707 92580/89707
128/127 128/127
4849/4811 4980/4811
2431/2410 5282/5061
12317/12203 36496/36609
6893/6829 34032/34145
211/209 208/209
60085/59503 59306/59503
64419/63793 63596/63793
15249/15089 48140/45267
16351/16157 16354/16157
15957/15767 15964/15767
75451/74377 76544/74377
409/403 32/31
32555/32057 32992/32057
36023/35419 40060/35419
233/229 260/229
11475/11261 34208/33783
4075/3999 1508/1333
7055/6923 7008/6923
9265/9063 27104/27189
129625/126793 126368/126793
3094/3025 3008/3025
42500/41513 41088/41513
8500/8291 24448/24873
850/827 69824/71949
41225/40091 38816/40091
473/455 32/35
25875/24791 2032/1907
2625/2497 28717/27467
46625/44213 3526/3401
9575/9059 9334/9059
25705/24247 23452/24247
7685/7243 42133/43458
10125/9521 9646/9521
2075/1951 1976/1951
1325/1243 14651/14916
6625/6199 24531/24796
8175/7643 7618/7643
38125/35641 35516/35641
91/85 169/170
80825/75431 75166/75431
5777/5391 16120/16173
83/77 78/77
7155/6637 20176/19911
4251/3919 3906/3919
793/731 3642/3655
383/353 364/353
260/239 1182/1195
12/11 54/55
22437/20527 20804/20527
5540/5063 25038/25315
16897/15395 76698/76975
90579/82519 82242/82519
277/252 1/1
90579/82289 82012/82289
16897/15349 76468/76745
5540/5017 24808/25085
22437/20297 20574/20297
48198/43273 41888/43273
97/87 28/29
1479/1325 513/530
103321/92501 96102/92501
231/206 108/103
71989/63899 66408/63899
425/377 1491/1508
5185/4583 4566/4583
327/289 288/289
81/71 72/71
63111/54841 54648/54841
61/53 264/265
26269/22821 68222/68463
3860/3341 16512/16705
174/149 144/149
373/317 330/317
3140/2657 13128/13285
51339/43249 43092/43249
213/178 90/89
327/271 270/271
207/167 180/167
159/127 135/127
25/19 75/76
163/123 48/41
103/73 80/73
116
3  0 47 48
5  0 59 58 15 1
3  0 41 47
3  0 1 2
3  0 2 3
3  0 35 41
3  0 34 35
3  0 32 34
3  0 3 4
3  0 4 5
3  0 31 32
3  0 5 6
3  0 25 31
3  0 24 25
3  0 6 7
3  0 23 24
3  0 7 8
3  0 8 9
3  0 9 10
3  0 10 11
5  0 11 10 21 23
4  1 15 12 2
3  2 12 3
4  3 12 13 4
4  4 13 14 5
4  5 14 17 6
4  6 17 18 7
4  7 18 19 8
4  8 19 20 9
4  9 20 21 10
4  12 15 16 13
4  13 16 22 14
4  14 22 26 17
4  15 58 57 16
4  16 57 56 22
4  17 26 27 18
4  18 27 28 19
4  19 28 29 20
4  20 29 30 21
4  21 30 33 23
4  22 56 55 26
6  23 33 36 40 42 24
4  24 42 43 25
4  25 43 44 31
4  26 55 54 27
6  27 54 53 39 38 28
4  28 38 37 29
4  29 37 36 30
3  30 36 33
4  31 44 45 32
6  32 45 46 63 62 34
4  34 62 61 35
4  35 61 60 41
4  36 37 39 40
3  37 38 39
4  39 53 52 40
4  40 52 51 42
4  41 60 50 47
4  42 51 49 43
4  43 49 46 44
3  44 46 45
4  46 49 66 63
3  47 50 48
4  49 51 67 66
5  50 60 111 112 114
4  51 52 70 67
4  52 53 71 70
4  53 54 72 71
4  54 55 69 72
4  55 56 68 69
4  56 57 65 68
4  57 58 64 65
3  58 59 64
7  60 61 95 96 106 109 111
4  61 62 94 95
6  62 63 79 82 90 94
4  63 66 76 79
4  64 92 91 65
6  65 91 89 83 81 68
4  66 67 75 76
4  67 70 74 75
4  68 81 80 69
5  69 80 78 73 72
4  70 71 73 74
3  71 72 73
4  73 78 77 74
3  74 77 75
6  75 77 85 86 82 76
3  76 82 79
4  77 78 84 85
4  78 80 83 84
3  80 81 83
3  82 86 90
4  83 89 88 84
4  84 88 87 85
3  85 87 86
5  86 87 99 100 90
4  87 88 98 99
4  88 89 97 98
4  89 91 93 97
4  90 100 96 94
3  91 92 93
4  93 105 104 97
3  94 96 95
5  96 100 101 103 106
4  97 104 102 98
4  98 102 101 99
3  99 101 100
3  101 102 103
5  102 104 107 108 103
4  103 108 109 106
3  104 105 107
5  107 113 112 110 108
3  108 110 109
4  109 110 112 111
4  112 113 115 114
