109
0/1 1/1
1/1 9/10
1/1 67/74
1/1 22/23
1/1 47/49
1/1 200/207
1/1 106/109
1/1 305/312
1/1 361/367
1/1 139/141
1/1 302/305
1/1 184/185
1/1 1/1
12985/12982 6226/6491
2385/2383 52954/54809
3737/3733 6759/7466
5777/5769 1870/1923
82680/82529 80674/82529
97255/97026 15906/16171
7473/7454 3674/3727
80825/80589 26598/26863
49025/48863 48598/48863
77645/77329 77594/77329
219/218 110/109
53033/52759 52940/52759
33485/33281 33100/33281
305/303 100/101
47545/47207 46950/47207
75301/74683 74940/74683
70675/69901 71700/69901
4369/4319 8895/8638
4949/4891 4689/4891
31097/30711 21245/20474
13621/13451 13965/13451
467/461 480/461
20907/20633 19926/20633
22525/22222 11536/11111
20570/20291 21056/20291
11009/10851 3516/3617
14450/14231 14656/14231
7878/7757 30321/31028
116875/115009 117984/115009
37067/36453 11949/12151
14241/13999 13797/13999
3737/3667 18234/18335
293/287 288/287
78625/76873 76448/76873
19975/19494 28816/29241
367/358 176/179
14899/14526 21472/21789
2600/2533 7424/7599
46325/45083 43808/45083
11729/11411 56738/57055
29325/28501 82528/85503
4165/4042 1936/2021
3487/3367 12342/12025
10778/10397 10714/10397
242/233 242/233
6290/6041 6226/6041
74/71 64/71
50875/48799 50094/48799
34225/32503 32318/32503
8695/8234 12166/12351
19240/18171 53218/54513
20165/19013 18458/19013
12765/12011 34738/36033
49/46 22/23
2691/2519 2428/2519
1417/1323 428/441
4056/3779 3688/3779
1833/1702 838/851
481/445 2212/2225
715/653 3356/3265
34/31 32/31
24475/22273 22896/22273
689/626 326/313
3159/2846 1514/1423
2743/2467 2636/2467
16465/14761 14672/14761
66/59 64/59
4183/3734 5512/5601
712/633 24064/24687
9701/8603 8336/8603
71107/63043 67424/63043
81891/72434 38576/36217
69/61 176/183
26269/23141 22418/23141
3133/2752 64361/66048
11327/9903 29227/29709
17861/15614 8144/7807
8917/7757 38544/38785
3707/3217 82784/80425
403/347 352/347
55/47 242/235
12469/10621 52768/53105
47517/40258 19792/20129
312/263 256/263
40749/34162 16792/17081
37/31 154/155
5777/4703 4921/4703
15317/12398 6488/6199
8829/7091 3257/3039
211/169 14/13
243/194 104/97
10865/8534 4472/4267
141/106 52/53
109/81 26/27
53/38 20/19
41/29 30/29
110
3  0 1 2
3  0 2 3
3  0 77 79
3  0 76 77
3  0 3 4
3  0 4 5
5  0 34 36 75 76
3  0 33 34
3  0 32 33
3  0 5 6
3  0 30 32
3  0 6 7
3  0 29 30
3  0 7 8
3  0 8 9
3  0 9 10
3  0 10 11
5  0 23 24 28 29
3  0 11 12
3  0 22 23
5  0 12 11 21 22
3  1 15 2
5  2 15 31 13 3
3  3 13 4
4  4 13 14 5
4  5 14 16 6
4  6 16 17 7
4  7 17 18 8
4  8 18 19 9
4  9 19 20 10
4  10 20 21 11
4  13 31 35 14
4  14 35 38 16
4  15 59 54 31
4  16 38 40 17
4  17 40 42 18
4  18 42 43 19
6  19 43 44 27 26 20
4  20 26 25 21
4  21 25 24 22
3  22 24 23
4  24 25 27 28
3  25 26 27
4  27 44 45 28
4  28 45 41 29
4  29 41 39 30
4  30 39 37 32
4  31 54 53 35
4  32 37 36 33
3  33 36 34
4  35 53 51 38
6  36 37 57 58 73 75
4  37 39 56 57
4  38 51 50 40
4  39 41 55 56
4  40 50 48 42
5  41 45 46 52 55
4  42 48 47 43
4  43 47 46 44
3  44 46 45
4  46 47 49 52
3  47 48 49
5  48 50 63 62 49
4  49 62 61 52
4  50 51 64 63
4  51 53 65 64
4  52 61 60 55
4  53 54 66 65
3  54 59 66
4  55 60 58 56
3  56 58 57
4  58 60 72 73
4  60 61 71 72
4  61 62 70 71
4  62 63 69 70
4  63 64 68 69
4  64 65 67 68
3  65 66 67
4  67 85 82 68
4  68 82 81 69
4  69 81 80 70
4  70 80 78 71
4  71 78 74 72
3  72 74 73
5  73 74 91 89 75
5  74 78 90 92 91
4  75 89 84 76
4  76 84 83 77
3  77 83 79
4  78 80 88 90
4  80 81 87 88
4  81 82 86 87
3  82 85 86
4  83 84 101 102
4  84 89 99 101
6  86 106 105 97 96 87
4  87 96 95 88
4  88 95 94 90
5  89 91 93 98 99
3  90 94 92
3  91 92 93
4  92 94 98 93
6  94 95 97 100 99 98
3  95 96 97
4  97 105 104 100
4  99 100 103 101
3  100 104 103
3  101 103 102
3  104 105 107
4  105 106 108 107
