98
0/1 1/1
1/1 30/31
1/1 106/109
1/1 121/122
1/1 446/447
1/1 1/1
52429/52413 16990/17471
4514/4507 4470/4507
16539/16507 16470/16507
481/480 1/1
419/418 210/209
7511/7493 7530/7493
68302/68129 68610/68129
63973/63809 64290/63809
365/364 1/1
39923/39809 40290/39809
54385/54227 162316/162681
44530/44381 44016/44381
295/294 50/49
15023/14959 15140/14959
1267/1261 24140/23959
7957/7919 7700/7919
25702/25579 25760/25579
36743/36559 36740/36559
181/180 1/1
80907/80441 80260/80441
60955/60599 8292/8657
325/323 308/323
22082/21941 21760/21941
24215/24049 23034/24049
19729/19563 6340/6521
229/227 220/227
15805/15659 15224/15659
30227/29927 28660/29927
1769/1747 3465/3494
239/236 55/59
149/147 440/441
145/143 1/1
5887/5801 5830/5801
10295/10141 20427/20282
133/131 132/131
8662/8531 8592/8531
12383/12191 12252/12191
61/60 1/1
27267/26809 26748/26809
7442/7309 7248/7309
52939/51961 7106/7423
6649/6507 2108/2169
139/136 33/34
34553/33797 32846/33797
167/163 156/163
38674/37651 37334/37651
24961/24269 23582/24269
47233/45917 137434/137751
317/308 1/1
203/197 198/197
65/63 1/1
447/433 432/433
61/59 117/118
34121/32949 98618/98847
229/221 1/1
16259/15661 31551/31322
19007/18283 18512/18283
12137/11593 12051/11593
169/161 169/161
83/79 416/395
6625/6289 6539/6289
19981/18926 9840/9463
2075/1951 1976/1951
8875/8329 16783/16658
31291/29351 29728/29351
53534/50119 50496/50119
125/117 1/1
11175/10451 10426/10451
377/352 1/1
149/139 416/417
265/247 1/1
18815/17489 35243/34978
83/77 78/77
13625/12621 4082/4207
1846/1709 1722/1709
13/12 1/1
1846/1699 1712/1699
23625/21541 1532/1657
689/626 326/313
29/26 7/8
6867/5993 1274/1383
51/44 13/11
11881/10099 9772/10099
71/59 119/118
4033/3273 1054/1091
189/149 136/149
10865/8534 4472/4267
10573/8043 2584/2681
141/106 52/53
109/81 26/27
53/38 20/19
41/29 30/29
97
3  0 85 83
7  0 83 79 52 50 46 35
5  0 35 33 29 27
5  0 65 67 84 87
3  0 64 65
3  0 27 26
5  0 26 21 6 1
3  0 63 64
3  0 1 2
3  0 2 3
5  0 18 19 62 63
3  0 15 18
3  0 3 4
3  0 13 15
3  0 12 13
3  0 11 12
3  0 10 11
3  0 4 5
4  0 5 9 10
3  1 6 2
4  2 6 7 3
4  3 7 8 4
4  4 8 9 5
4  6 21 17 7
4  7 17 16 8
4  8 16 14 9
3  9 14 10
5  10 14 24 23 11
4  11 23 22 12
4  12 22 20 13
4  13 20 19 15
4  14 16 25 24
3  15 19 18
4  16 17 28 25
4  17 21 30 28
6  19 20 40 41 61 62
4  20 22 39 40
5  21 26 29 31 30
4  22 23 38 39
4  23 24 37 38
4  24 25 36 37
4  25 28 34 36
3  26 27 29
4  28 30 32 34
3  29 33 31
3  30 31 32
6  31 33 46 48 47 32
4  32 47 45 34
3  33 35 46
4  34 45 44 36
4  36 44 43 37
4  37 43 42 38
4  38 42 41 39
3  39 41 40
6  41 42 55 56 60 61
4  42 43 54 55
4  43 44 53 54
4  44 45 51 53
4  45 47 49 51
3  46 50 48
3  47 48 49
4  48 50 52 49
4  49 52 58 51
4  51 58 57 53
5  52 79 73 59 58
4  53 57 56 54
3  54 56 55
4  56 57 59 60
3  57 58 59
4  59 73 72 60
4  60 72 69 61
4  61 69 68 62
4  62 68 66 63
3  63 66 64
4  64 66 67 65
4  66 68 70 67
6  67 70 78 80 82 84
4  68 69 71 70
4  69 72 74 71
4  70 71 77 78
4  71 74 76 77
4  72 73 75 74
8  73 79 88 89 82 81 76 75
3  74 75 76
4  76 81 80 77
3  77 80 78
4  79 83 86 88
3  80 81 82
7  82 89 90 93 94 92 84
3  83 85 86
3  84 92 87
4  86 91 90 88
3  88 90 89
3  90 91 93
3  92 94 96
3  93 95 94
4  94 95 97 96
