107
0/1 1/1
1/1 22/23
1/1 28/29
1/1 30/31
1/1 42/43
1/1 49/50
1/1 59/60
1/1 141/143
1/1 72/73
1/1 272/273
1/1 1/1
13051/13049 12628/13049
18103/18089 17668/18089
8215/8207 7942/8207
21050/21029 20608/21029
25260/25229 24808/25229
60203/60118 29638/30059
30733/30689 30268/30689
2279/2275 2222/2275
13250/13223 12958/13223
114933/114689 114268/114689
15900/15863 15598/15863
421/420 1/1
37895/37798 18634/18899
3869/3859 3806/3859
49257/49111 49532/49111
30733/30631 31052/30631
82516/82233 27832/27411
14469/14419 14366/14419
276/275 56/55
265/264 1/1
35476/35337 11960/11779
13213/13159 13340/13159
6201/6173 6226/6173
219/218 110/109
21177/21079 21260/21079
19345/19249 19514/19249
196/195 66/65
10585/10529 10674/10529
181/180 1/1
3393/3373 3402/3373
49413/49121 48940/49121
145/144 1/1
13213/13121 12940/13121
143/142 70/71
8249/8191 8078/8191
273/271 270/271
257/255 1/1
30069/29803 30060/29803
113/112 1/1
18761/18583 18840/18583
4407/4363 13202/13089
8249/8161 8274/8161
177/175 36/35
83/82 42/41
1017/1003 3122/3009
4453/4391 4452/4391
7137/7031 7092/7031
61/60 1/1
4453/4369 4308/4369
3660/3589 3528/3589
50/49 48/49
21922/21473 23394/21473
820/803 2368/2409
2993/2929 2888/2929
4181/4084 1134/1021
41/40 1/1
533/519 4712/4671
38/37 42/37
73/71 72/71
7605/7387 7452/7387
65/63 1/1
4745/4583 4518/4583
975/941 3699/3764
481/464 129/116
2795/2693 2628/2693
155/149 144/149
1591/1525 1488/1525
2522/2413 2634/2413
3700/3539 10432/10617
2701/2581 2544/2581
185/176 1/1
39/37 112/111
37/35 1/1
2701/2543 2506/2543
185/174 2051/2088
1591/1493 1456/1493
351/329 342/329
31/29 28/29
559/521 508/521
156/145 712/725
949/881 868/881
13/12 1/1
73/67 66/67
12/11 54/55
369/331 1034/993
7479/6689 6966/6689
97/85 11/10
319/279 34/31
37/32 9/8
999/847 884/847
45/37 116/111
43/35 34/35
5/4 1/1
9/7 22/21
19/14 6/7
103/73 66/73
106
3  0 65 68
9  0 105 103 102 89 88 76 13 1
3  0 62 65
3  0 1 2
3  0 55 62
3  0 2 3
3  0 3 4
4  0 53 54 55
3  0 4 5
3  0 5 6
7  0 29 31 37 38 50 53
3  0 6 7
3  0 27 29
3  0 7 8
3  0 26 27
3  0 8 9
3  0 25 26
3  0 9 10
4  0 10 22 25
4  1 13 11 2
3  2 11 3
4  3 11 12 4
4  4 12 14 5
4  5 14 15 6
4  6 15 16 7
4  7 16 17 8
4  8 17 20 9
4  9 20 22 10
4  11 13 18 12
4  12 18 19 14
4  13 76 75 18
4  14 19 21 15
4  15 21 23 16
4  16 23 24 17
4  17 24 28 20
6  18 75 73 63 61 19
4  19 61 60 21
4  20 28 30 22
6  21 60 59 45 44 23
4  22 30 33 25
4  23 44 43 24
4  24 43 41 28
5  25 33 34 32 26
4  26 32 31 27
3  27 31 29
4  28 41 39 30
4  30 39 35 33
4  31 32 36 37
3  32 34 36
3  33 35 34
5  34 35 40 38 36
4  35 39 42 40
3  36 38 37
4  38 40 48 50
4  39 41 46 42
4  40 42 47 48
6  41 43 45 49 47 46
3  42 46 47
3  43 44 45
4  45 59 58 49
4  47 49 51 48
4  48 51 52 50
4  49 58 57 51
4  50 52 54 53
4  51 57 56 52
3  52 56 54
9  54 56 69 70 82 83 92 87 55
4  55 87 78 62
4  56 57 67 69
4  57 58 66 67
4  58 59 64 66
4  59 60 63 64
3  60 61 63
4  62 78 74 65
4  63 73 72 64
4  64 72 71 66
3  65 74 68
4  66 71 70 67
3  67 70 69
4  70 71 81 82
4  71 72 80 81
4  72 73 79 80
4  73 75 77 79
5  74 78 97 98 99
3  75 76 77
4  76 88 86 77
4  77 86 85 79
4  78 87 95 97
4  79 85 84 80
4  80 84 83 81
3  81 83 82
4  83 84 91 92
4  84 85 90 91
4  85 86 89 90
3  86 88 89
4  87 92 93 95
6  89 102 100 96 94 90
4  90 94 93 91
3  91 93 92
4  93 94 96 95
4  95 96 98 97
3  96 100 98
4  98 100 101 99
4  100 102 103 101
3  101 103 104
4  103 105 106 104
