128
0/1 1/1
1/1 26/27
1/1 30/31
1/1 350/361
1/1 45/46
1/1 46/47
1/1 155/158
1/1 172/175
1/1 1/1
173641/173621 168330/173621
131765/131701 127686/131701
22126/22111 21630/22111
22607/22591 22110/22591
5846/5841 1910/1947
84175/84093 27550/28031
16790/16771 16406/16771
3431/3427 3354/3427
57670/57593 56498/57593
63875/63781 62686/63781
6253/6237 64930/64449
59163/59009 59490/59009
1443/1439 45090/44609
326/325 66/65
147095/146611 147706/146611
2993/2983 9022/8949
6851/6827 20702/20481
284/283 286/283
2263/2255 6838/6765
533/531 1606/1593
5239/5219 5258/5219
257/256 65/64
16833/16759 16940/16759
22263/22159 22340/22159
72943/72597 24380/24199
325/323 2222/2261
158/157 154/157
3955/3929 19306/19645
143/142 70/71
31675/31443 10300/10481
8507/8441 8260/8441
8326/8261 8080/8261
3439/3409 62780/64771
45539/45091 45430/45091
4633/4587 13874/13761
3503/3467 10514/10401
25159/24887 23620/24887
4972/4913 5026/4913
42173/41655 2596/2777
40363/39817 36740/39817
5989/5906 3066/2953
67/66 10/11
16159/15896 2100/1987
121/119 18/17
9295/9137 9657/9137
5575/5471 5046/5471
3445/3371 3501/3371
5825/5697 1774/1899
715/697 2853/2788
695/677 642/677
1209/1175 1188/1175
1599/1553 1566/1553
26195/25437 8544/8479
9025/8741 8466/8741
1150/1111 1086/1111
235/227 222/227
11375/10977 3594/3659
57/55 54/55
625/603 1382/1407
611/589 576/589
1495/1441 2817/2882
23465/22567 21852/22567
10075/9651 3242/3217
615/589 594/589
93/89 90/89
139/133 18/19
21279/20347 20520/20347
5363/5127 22390/22217
53789/51101 49462/51101
30275/28719 9400/9573
8131/7703 7530/7703
3979/3769 7365/7538
227/215 42/43
6854/6491 6342/6491
7003/6631 6482/6631
26075/24653 24206/24653
361/341 30/31
598/563 550/563
1363/1283 1254/1283
13195/12401 60874/62005
60047/56267 56714/56267
6109/5723 17318/17169
44/41 42/41
151931/141451 142582/141451
15457/14387 43538/43161
14/13 66/65
1599/1481 1494/1481
5239/4851 1630/1617
689/634 330/317
455/417 682/695
47/43 42/43
53911/49256 6534/6157
875/799 784/799
2015/1819 1834/1819
41/37 112/111
2759/2489 32624/32357
199/179 198/179
15575/13883 13616/13883
4094/3641 3552/3641
7579/6659 7083/6659
20737/18055 3344/3611
2809/2441 2547/2441
223/193 176/193
65473/56223 17336/18741
21359/18219 6126/6073
25/21 48/49
6463/5393 10505/10786
403/333 112/111
281/231 1/1
6463/5233 10185/10466
14893/11923 12485/11923
143/113 121/113
233/183 56/61
3869/3011 3157/3011
4462/3377 3280/3377
119/89 88/89
23/17 33/34
53/38 20/19
41/29 30/29
126
3  0 50 48
3  0 48 47
3  0 47 45
5  0 52 53 100 105
3  0 51 52
5  0 45 41 10 1
3  0 49 51
3  0 1 2
3  0 2 3
3  0 3 4
3  0 46 49
3  0 4 5
3  0 5 6
3  0 6 7
3  0 7 8
5  0 30 31 44 46
5  0 22 25 27 30
3  0 21 22
3  0 20 21
3  0 19 20
5  0 8 7 14 19
4  1 10 9 2
3  2 9 3
4  3 9 11 4
4  4 11 12 5
4  5 12 13 6
4  6 13 14 7
4  9 10 15 11
4  10 41 40 15
4  11 15 16 12
4  12 16 17 13
4  13 17 18 14
4  14 18 23 19
4  15 40 39 16
6  16 39 38 36 35 17
4  17 35 34 18
4  18 34 29 23
4  19 23 24 20
5  20 24 26 25 21
3  21 25 22
4  23 29 28 24
3  24 28 26
3  25 26 27
5  26 28 32 31 27
3  27 31 30
4  28 29 33 32
5  29 34 36 37 33
4  31 32 43 44
4  32 33 42 43
3  33 37 42
3  34 35 36
3  36 38 37
5  37 38 65 61 42
5  38 39 64 66 65
4  39 40 63 64
4  40 41 62 63
4  41 45 58 62
4  42 61 60 43
4  43 60 59 44
4  44 59 57 46
4  45 47 56 58
4  46 57 55 49
4  47 48 54 56
3  48 50 54
4  49 55 53 51
3  51 53 52
4  53 55 97 100
4  54 111 109 56
5  55 57 91 94 97
8  56 109 107 86 85 77 74 58
6  57 59 73 75 90 91
4  58 74 70 62
4  59 60 72 73
4  60 61 71 72
4  61 65 67 71
4  62 70 69 63
4  63 69 68 64
3  64 68 66
3  65 66 67
5  66 68 79 78 67
4  67 78 76 71
4  68 69 80 79
5  69 70 77 81 80
3  70 74 77
4  71 76 75 72
3  72 75 73
4  75 76 89 90
4  76 78 84 89
3  77 85 81
4  78 79 83 84
4  79 80 82 83
3  80 81 82
4  81 85 86 82
4  82 86 87 83
4  83 87 88 84
4  84 88 92 89
6  86 107 106 101 99 87
4  87 99 98 88
4  88 98 96 92
4  89 92 93 90
4  90 93 94 91
4  92 96 95 93
3  93 95 94
7  94 95 103 104 113 110 97
4  95 96 102 103
4  96 98 101 102
4  97 110 108 100
3  98 99 101
3  100 108 105
4  101 106 104 102
3  102 104 103
4  104 106 114 113
6  106 107 115 117 116 114
4  107 109 112 115
4  108 110 119 120
3  109 111 112
5  110 113 116 117 119
4  112 121 118 115
3  113 114 116
3  115 118 117
6  117 118 123 124 122 119
3  118 121 123
3  119 122 120
3  122 124 126
3  123 125 124
4  124 125 127 126
