102
0/1 1/1
1/1 10/11
1/1 52/55
1/1 41/43
1/1 64/67
1/1 164/171
1/1 320/331
1/1 30/31
1/1 31/32
1/1 314/321
1/1 292/293
1/1 1/1
15392/15391 14910/15391
11877/11869 11610/11869
140933/140671 140190/140671
68302/68129 68610/68129
53391/53249 53730/53249
1443/1439 45090/44609
43771/43649 44130/43649
176527/175974 29810/29329
24050/23969 24450/23969
264/263 270/263
7250/7217 7362/7217
10643/10590 1794/1765
13195/13121 13266/13121
13485/13409 13554/13409
16095/16001 16146/16001
4118/4093 4122/4093
305/303 1050/1111
8497/8435 8406/8435
2623/2602 1240/1301
4087/4053 1290/1351
10431/10337 9910/10337
9309/9221 9018/9221
20191/19981 19310/19981
4640/4591 4446/4591
94/93 30/31
1952/1931 1870/1931
47995/47477 45882/47477
171/169 162/169
321/317 310/317
33431/32989 2898/2999
808/797 3087/3188
32421/31919 31212/31919
17873/17591 17530/17591
8662/8509 8570/8509
111/109 110/109
7171/7039 14179/14078
29593/29027 28926/29027
101/99 1/1
293/287 286/287
7171/7019 14139/14038
9393/9187 9288/9187
91/89 90/89
1271/1243 3770/3729
12070/11797 11882/11797
44/43 130/129
5822/5689 5730/5689
13175/12867 39026/38601
367/358 182/179
9827/9573 29036/28719
45014/43811 44128/43811
4387/4259 12490/12777
32/31 30/31
33919/32781 13732/14049
89/86 42/43
8025/7753 7578/7753
331/319 28/29
55533/53329 52118/53329
3550/3401 3426/3401
93/89 90/89
12283/11741 23655/23482
173/165 1/1
12283/11689 23551/23378
4325/4099 8371/8198
55533/52601 51390/52601
67/63 20/21
3633/3413 3586/3413
321/299 292/299
27/25 11/10
1846/1699 1712/1699
130/119 608/595
21/19 20/19
425/379 775/758
1207/1069 2155/2138
5457/4759 4640/4759
43/37 35/37
935/801 250/267
11663/9877 4124/4233
61/51 15/17
71/59 119/118
11877/9677 9418/9677
2431/1965 3054/3275
101/81 17/18
275/219 68/73
70941/55871 54324/55871
65805/51007 49572/51007
1105/841 8631/8410
250/187 192/187
39/29 216/203
107/77 32/33
239/169 168/169
101
5  0 89 87 28 1
3  0 1 2
3  0 2 3
3  0 77 79
3  0 3 4
3  0 4 5
3  0 5 6
3  0 6 7
3  0 7 8
3  0 8 9
5  0 21 22 74 77
3  0 9 10
3  0 20 21
3  0 19 20
3  0 18 19
3  0 17 18
3  0 16 17
3  0 15 16
3  0 10 11
5  0 11 10 14 15
3  1 28 2
4  2 28 30 3
4  3 30 31 4
4  4 31 32 5
4  5 32 34 6
6  6 34 36 35 12 7
3  7 12 8
4  8 12 13 9
4  9 13 14 10
4  12 35 33 13
4  13 33 29 14
4  14 29 27 15
4  15 27 26 16
4  16 26 25 17
4  17 25 24 18
4  18 24 23 19
4  19 23 22 20
3  20 22 21
8  22 23 59 60 70 71 73 74
6  23 24 53 54 58 59
4  24 25 52 53
6  25 26 46 47 51 52
4  26 27 45 46
4  27 29 44 45
4  28 87 86 30
4  29 33 40 44
6  30 86 85 78 76 31
8  31 76 75 68 67 41 39 32
4  32 39 38 34
4  33 35 37 40
3  34 38 36
3  35 36 37
5  36 38 41 42 37
4  37 42 43 40
3  38 39 41
4  40 43 48 44
5  41 67 65 63 42
4  42 63 62 43
6  43 62 57 55 50 48
5  44 48 49 47 45
3  45 47 46
3  47 49 51
3  48 50 49
4  49 50 55 51
5  51 55 56 54 52
3  52 54 53
3  54 56 58
3  55 57 56
5  56 57 61 60 58
4  57 62 64 61
3  58 60 59
4  60 61 69 70
4  61 64 66 69
4  62 63 65 64
3  64 65 66
4  65 67 68 66
5  66 68 72 71 69
3  68 75 72
3  69 71 70
3  71 72 73
5  72 75 78 80 73
4  73 80 81 74
4  74 81 82 77
3  75 76 78
3  77 82 79
4  78 85 84 80
4  80 84 83 81
3  81 83 82
4  82 83 97 99
6  83 84 90 91 95 97
4  84 85 88 90
3  85 86 88
6  86 87 92 93 91 88
3  87 89 92
3  88 91 90
3  91 93 95
3  92 94 93
4  93 94 96 95
4  95 96 98 97
3  96 100 98
5  97 98 100 101 99
