68
0/1 1/1
1/1 20/21
1/1 26/27
1/1 87/89
1/1 167/169
1/1 106/107
1/1 127/128
1/1 261/263
1/1 1/1
6497/6490 3172/3245
12337/12314 6084/6157
7811/7795 7722/7795
46720/46619 46254/46619
95995/95786 47528/47893
19669/19622 9590/9811
365/364 1/1
338/337 338/337
313/312 1/1
37349/37222 18390/18611
23647/23561 23340/23561
28288/28181 27960/28181
263/262 130/131
221/220 1/1
46631/46399 46620/46399
179/178 90/89
337/335 68/67
30595/30401 30546/30401
145/144 1/1
54227/53837 54094/53837
257/255 1/1
128/127 126/127
241/239 238/239
113/112 1/1
27499/27253 26996/27253
43433/43031 42517/43031
211/209 210/209
197/195 1/1
22873/22631 22117/22631
21079/20837 20640/20837
169/167 165/167
3103/3065 3036/3065
145/143 136/143
145/143 1/1
19865/19519 19954/19519
3649/3578 1748/1789
101/99 28/27
4387/4289 4248/4289
43429/42421 43372/42421
41/40 1/1
38/37 112/111
317/308 1/1
137/133 136/133
33919/32881 32564/32881
89/86 42/43
229/221 1/1
107/103 102/103
25/24 1/1
79/75 26/25
115/109 114/109
125/117 1/1
265/247 1/1
3625/3301 33436/36311
319/289 266/289
35/31 26/31
193/168 1/1
31/26 14/13
5/4 1/1
7/5 4/5
69
3  0 63 61
8  0 61 59 56 55 53 44 41
5  0 41 37 14 1
3  0 1 2
5  0 58 60 64 65
3  0 57 58
3  0 2 3
7  0 45 47 51 54 56 57
3  0 3 4
3  0 43 45
7  0 25 28 35 36 42 43
3  0 4 5
3  0 24 25
3  0 5 6
3  0 6 7
3  0 7 8
3  0 23 24
5  0 16 17 22 23
4  0 8 15 16
4  1 14 9 2
3  2 9 3
4  3 9 10 4
4  4 10 11 5
4  5 11 12 6
4  6 12 13 7
4  7 13 15 8
4  9 14 18 10
4  10 18 19 11
4  11 19 20 12
4  12 20 21 13
4  13 21 17 15
4  14 37 34 18
3  15 17 16
3  17 21 22
4  18 34 33 19
5  19 33 31 30 20
5  20 30 27 22 21
4  22 27 26 23
3  23 26 24
4  24 26 28 25
4  26 27 29 28
4  27 30 31 29
4  28 29 32 35
3  29 31 32
5  31 33 38 36 32
3  32 36 35
4  33 34 39 38
6  34 37 44 46 40 39
4  36 38 40 42
3  37 41 44
3  38 39 40
4  40 46 48 42
5  42 48 49 47 43
3  43 47 45
4  44 53 52 46
4  46 52 50 48
3  47 49 51
3  48 50 49
4  49 50 54 51
4  50 52 55 54
3  52 53 55
3  54 55 56
3  56 59 57
4  57 59 60 58
4  59 61 62 60
3  60 62 64
5  61 63 66 64 62
3  63 67 66
3  64 66 65
