98
0/1 1/1
1/1 28/29
1/1 30/31
1/1 46/47
1/1 164/167
1/1 236/239
1/1 116/117
1/1 361/363
1/1 272/273
1/1 1/1
22607/22591 22110/22591
19787/19769 19348/19769
2171/2169 710/723
70307/70227 22988/23409
114959/114813 37790/38271
100619/100467 33068/33489
56277/56191 55710/56191
174603/174302 86670/87151
49257/49169 48748/49169
131313/131071 130590/131071
152823/152518 75838/76259
114933/114689 114268/114689
450/449 450/449
421/420 1/1
114933/114631 114210/114631
363/362 180/181
85449/85201 84888/85201
89673/89344 22757/22336
18103/18031 18452/18031
247/246 42/41
6235/6209 6354/6209
213/212 54/53
273/271 270/271
16965/16831 16686/16831
239/237 78/79
23049/22843 22646/22843
11051/10933 11190/10933
111795/110509 113850/110509
83011/82045 16923/16409
8471/8357 8554/8357
22359/22057 23085/22057
85695/84461 6694/6497
63631/62705 12935/12541
17139/16853 17641/16853
46003/45165 3268/3011
21845/21419 23475/21419
307/301 330/301
15725/15416 2112/1927
35263/34485 2496/2299
269/263 286/263
33115/32359 35134/32359
85/83 91/83
6623/6445 1400/1289
29/28 22/21
3145/3022 29634/28709
1073/1031 3241/3093
26825/25767 79706/77301
1591/1525 1562/1525
11951/11425 2359/2285
5365/5127 15862/15381
43/41 42/41
39/37 110/111
37/35 1/1
167/157 154/157
1591/1493 1530/1493
5365/5023 15550/15069
11951/11185 2311/2237
29/27 85/81
16211/15001 15378/15001
66215/61241 63291/61241
29725/27479 85102/82437
131/121 34/33
10933/10091 156266/151365
323/298 154/149
24099/22223 114716/111115
1763/1625 1666/1625
11911/10951 11228/10951
1927/1741 1700/1741
13019/11729 11452/11729
29315/26069 24429/26069
62525/55523 51833/55523
39611/35116 8225/8779
61/54 14/15
48191/42584 4986/5323
97/85 9/10
15839/13711 13374/13711
2035/1747 21231/22711
14491/12209 12546/12209
87/73 378/365
1739/1459 1422/1459
12083/10093 10374/10093
57/47 189/188
43/35 36/35
13207/10697 10416/10697
143/113 105/113
47/37 36/37
179/129 48/43
103/73 80/73
97
3  0 45 46
3  0 84 80
3  0 44 45
3  0 80 79
5  0 79 77 11 1
3  0 40 44
3  0 1 2
3  0 2 3
3  0 38 40
3  0 37 38
5  0 29 30 36 37
3  0 28 29
3  0 3 4
3  0 27 28
3  0 4 5
3  0 5 6
3  0 6 7
3  0 7 8
3  0 8 9
4  0 22 23 27
5  0 9 8 19 22
4  1 11 10 2
3  2 10 3
4  3 10 12 4
4  4 12 14 5
4  5 14 16 6
4  6 16 17 7
4  7 17 19 8
4  10 11 13 12
6  11 77 75 68 63 13
4  12 13 15 14
7  13 63 62 61 35 34 15
4  14 15 18 16
4  15 34 33 18
4  16 18 20 17
4  17 20 21 19
6  18 33 32 26 25 20
4  19 21 23 22
4  20 25 24 21
3  21 24 23
5  23 24 26 31 27
3  24 25 26
3  26 32 31
4  27 31 30 28
3  28 30 29
4  30 31 32 36
5  32 33 35 39 36
3  33 34 35
4  35 61 57 39
4  36 39 41 37
4  37 41 42 38
4  38 42 43 40
4  39 57 56 41
4  40 43 48 44
4  41 56 54 42
4  42 54 53 43
4  43 53 50 48
5  44 48 49 47 45
3  45 47 46
3  47 49 51
3  48 50 49
4  49 50 52 51
4  50 53 55 52
11  52 55 67 69 73 74 88 90 92 95 96
4  53 54 58 55
4  54 56 59 58
4  55 58 66 67
4  56 57 60 59
4  57 61 62 60
4  58 59 65 66
4  59 60 64 65
3  60 62 64
4  62 63 68 64
5  64 68 71 70 65
4  65 70 69 66
3  66 69 67
3  68 75 71
4  69 70 72 73
3  70 71 72
5  71 75 76 74 72
3  72 74 73
4  74 76 87 88
4  75 77 78 76
4  76 78 85 87
4  77 79 81 78
4  78 81 83 85
4  79 80 82 81
5  80 84 86 83 82
3  81 82 83
4  83 86 89 85
5  85 89 91 90 87
4  86 94 93 89
3  87 90 88
3  89 93 91
3  90 91 92
4  91 93 95 92
5  93 94 97 96 95
