118
0/1 1/1
1/1 22/23
1/1 203/211
1/1 77/80
1/1 28/29
1/1 137/141
1/1 37/38
1/1 361/367
1/1 69/70
1/1 141/143
1/1 1/1
59361/59336 14413/14834
55915/55888 6721/6986
21200/21189 6798/7063
15998/15989 15568/15989
154507/154314 25298/25719
37365/37316 9064/9329
29470/29429 29008/29429
60203/60118 29638/30059
2014/2011 1958/2011
97255/97026 15906/16171
18550/18503 18238/18503
37895/37798 18634/18899
123353/123031 123452/123031
41679/41551 41972/41551
26944/26851 27272/26851
276/275 56/55
11584/11539 11720/11539
77645/77329 77594/77329
17919/17839 18020/17839
219/218 110/109
26235/26113 26378/26113
16960/16873 17138/16873
53033/52759 52940/52759
323/321 110/107
143/142 70/71
3152/3127 12705/12508
19503/19333 19530/19333
33109/32801 32914/32801
211/209 210/209
57721/57163 57360/57163
3729/3691 11186/11073
7232/7153 7266/7153
985/973 13425/13622
72299/71397 23405/23799
73/72 28/27
3743/3691 7185/7382
141/139 135/139
1919/1891 3681/3782
37067/36453 11949/12151
707/695 6849/6950
27200/26711 27136/26711
14025/13757 41696/41271
293/287 288/287
29750/29033 28608/29033
367/358 176/179
4438/4327 21318/21635
16150/15721 15296/15721
34000/33019 31744/33019
17935/17416 2092/2177
10461/10139 30734/30417
825/799 2272/2397
20288/19637 19954/19637
59/57 160/171
1221/1175 668/705
64034/61541 64394/61541
17752/17023 17974/17023
7807/7481 7185/7481
740/709 2725/2836
703/671 1305/1342
13631/12969 3854/3537
1295/1231 2425/2462
1221/1151 3490/3453
103/97 110/97
592/557 2265/2228
3737/3481 7295/6962
14/13 55/52
505/467 979/934
129/119 130/119
80/73 297/292
935/851 7744/7659
1717/1551 1085/1034
2975/2677 5269/5354
19/17 33/34
136/121 985/968
595/529 1041/1058
1683/1493 1510/1493
17/15 1/1
1683/1477 1494/1477
595/521 1025/1042
8/7 57/56
7953/6937 21052/20811
170/147 375/392
3587/3101 2965/3101
1687/1451 14269/14510
99/85 16/17
60979/51928 6202/6491
23120/19683 6272/6561
373/317 304/317
482/409 15637/16360
211/179 171/179
1850/1569 3999/4184
2890/2423 16672/16961
6475/5407 10629/10814
28611/23599 23888/23599
18315/15043 15228/15043
58378/47031 16544/15677
101/81 19/18
129/101 112/101
1683/1313 1330/1313
17/13 893/910
4/3 19/20
203/149 1461/1490
2871/2099 2128/2099
29/21 1/1
99/71 72/71
7/5 49/50
239/169 168/169
117
3  0 70 73
3  0 63 61
3  0 66 70
5  0 61 59 12 1
3  0 65 66
3  0 1 2
3  0 2 3
3  0 3 4
5  0 45 51 62 65
3  0 4 5
3  0 5 6
5  0 34 36 42 45
3  0 6 7
5  0 26 27 32 34
3  0 7 8
3  0 25 26
3  0 8 9
3  0 9 10
3  0 24 25
3  0 23 24
5  0 10 9 18 23
3  1 12 2
4  2 12 13 3
5  3 13 16 11 4
3  4 11 5
4  5 11 14 6
4  6 14 15 7
4  7 15 17 8
4  8 17 18 9
4  11 16 19 14
4  12 59 58 13
6  13 58 57 48 47 16
4  14 19 20 15
4  15 20 21 17
4  16 47 46 19
4  17 21 22 18
4  18 22 28 23
4  19 46 44 20
4  20 44 43 21
6  21 43 40 38 35 22
4  22 35 33 28
5  23 28 30 29 24
4  24 29 27 25
3  25 27 26
4  27 29 31 32
3  28 33 30
3  29 30 31
6  30 33 38 39 37 31
4  31 37 36 32
3  32 36 34
3  33 35 38
4  36 37 41 42
3  37 39 41
3  38 40 39
5  39 40 53 52 41
4  40 43 50 53
4  41 52 51 42
3  42 51 45
4  43 44 49 50
4  44 46 48 49
3  46 47 48
4  48 57 55 49
4  49 55 54 50
3  50 54 53
4  51 52 60 62
5  52 53 54 56 60
3  54 55 56
5  55 57 69 71 56
4  56 71 72 60
4  57 58 68 69
4  58 59 67 68
4  59 61 64 67
4  60 72 74 62
3  61 63 64
4  62 74 75 65
4  64 95 93 67
4  65 75 76 66
6  66 76 77 81 78 70
4  67 93 92 68
6  68 92 89 85 83 69
4  69 83 82 71
3  70 78 73
4  71 82 80 72
4  72 80 79 74
4  74 79 77 75
3  75 77 76
4  77 79 84 81
4  78 81 106 108
4  79 80 86 84
5  80 82 85 87 86
6  81 84 90 91 104 106
3  82 83 85
4  84 86 88 90
3  85 89 87
3  86 87 88
5  87 89 94 91 88
3  88 91 90
5  89 92 97 98 94
4  91 94 102 104
4  92 93 96 97
3  93 95 96
3  94 98 102
4  96 100 99 97
3  97 99 98
5  98 99 101 103 102
3  99 100 101
4  101 111 110 103
4  102 103 105 104
4  103 110 109 105
4  104 105 107 106
3  105 109 107
5  106 107 109 113 108
5  109 110 112 114 113
3  110 111 112
3  112 116 114
3  113 114 115
4  114 116 117 115
