120
0/1 1/1
1/1 26/29
1/1 11/12
1/1 206/223
1/1 332/353
1/1 226/239
1/1 27/28
1/1 89/92
1/1 46/47
1/1 181/182
1/1 306/307
1/1 336/337
1/1 1/1
32335/32297 29832/32297
51185/50983 47938/50983
34655/34489 2508/2653
94775/94247 87022/94247
1015/1007 3883/4028
3335/3307 12793/13228
6001/5947 5590/5947
1195/1183 86/91
1363/1349 1320/1349
2639/2605 5181/5210
8903/8785 8756/8785
9773/9643 9614/9643
2380/2347 2262/2347
39100/38533 37258/38533
31465/31007 31152/31007
1189/1171 3542/3513
16675/16409 33253/32818
5075/4993 10131/9986
493/485 1969/1940
19975/19639 19214/19639
6757/6635 6809/6635
580/569 4697/4552
77350/75799 75374/75799
130475/127799 127374/127799
143225/140279 139854/140279
91/89 187/178
1085/1061 1066/1061
17425/17027 51506/51081
97750/95419 96694/95419
29750/29033 29458/29033
28900/28201 28626/28201
99025/96406 49478/48203
1832/1783 7361/7132
147/143 34/33
544/529 546/529
53357/51853 53227/51853
3893/3772 15317/15088
1603/1553 15759/15530
5267/5101 51697/51010
9389/9081 27472/27243
49693/48017 48246/48017
35105/33857 36322/33857
77173/74417 74188/74417
70303/67787 67558/67787
20839/20081 39933/40162
325/313 338/313
51625/49597 53222/49597
10763/10327 10098/10327
23/22 85/88
1739/1657 1620/1657
3367/3191 6345/6382
11359/10757 10720/10757
1000/947 3913/3788
12469/11807 11770/11807
1165/1101 377/367
8029/7583 7620/7583
1517/1431 4330/4293
4255/4007 8125/8014
1295/1219 2475/2438
17/16 65/64
4375/4117 8359/8234
14375/13521 9139/9014
3075/2887 2912/2887
27125/25433 25558/25433
8425/7877 7852/7877
307/287 286/287
127049/118759 118382/118759
91/85 169/170
17861/16667 16614/16667
81809/76249 76626/76249
15457/14387 43538/43161
57505/53503 53768/53503
2173/2019 6110/6057
17342/16111 81686/80555
14/13 66/65
598/555 938/925
83/77 78/77
30475/28261 57317/56522
1599/1481 1494/1481
2821/2609 2622/2609
233/215 221/215
4381/4039 4026/4039
23575/21631 43877/43262
1681/1539 4658/4617
47/43 42/43
6355/5809 40868/40663
337/307 306/307
217/197 198/197
85/77 1/1
41/37 112/111
119/106 407/424
2492/2201 2112/2201
239/211 198/211
173/152 18/19
1348/1177 7902/8239
31417/27421 25552/27421
223/193 176/193
99193/84903 3762/4043
46/39 66/65
1967/1657 6347/6628
297/247 242/247
28/23 22/23
281/226 7513/7232
413/323 352/323
32/25 26/25
353/255 78/85
431/305 288/305
119
3  0 1 2
3  0 2 3
3  0 3 4
3  0 54 58
3  0 4 5
3  0 5 6
5  0 38 45 47 54
3  0 6 7
3  0 7 8
3  0 34 38
3  0 33 34
3  0 8 9
3  0 31 33
3  0 30 31
3  0 29 30
3  0 28 29
3  0 9 10
3  0 27 28
3  0 10 11
3  0 11 12
5  0 12 11 24 27
4  1 16 13 2
3  2 13 3
4  3 13 14 4
4  4 14 15 5
4  5 15 17 6
4  6 17 18 7
4  7 18 21 8
4  8 21 22 9
4  9 22 23 10
4  10 23 24 11
4  13 16 19 14
4  14 19 20 15
4  15 20 25 17
4  16 109 108 19
4  17 25 26 18
4  18 26 32 21
5  19 108 106 105 20
4  20 105 103 25
4  21 32 35 22
4  22 35 36 23
4  23 36 37 24
4  24 37 39 27
7  25 103 101 97 62 61 26
4  26 61 60 32
4  27 39 40 28
4  28 40 41 29
4  29 41 42 30
4  30 42 43 31
4  31 43 44 33
4  32 60 57 35
5  33 44 46 45 34
3  34 45 38
4  35 57 56 36
4  36 56 55 37
4  37 55 53 39
4  39 53 52 40
4  40 52 51 41
4  41 51 50 42
4  42 50 49 43
4  43 49 48 44
3  44 48 46
3  45 46 47
5  46 48 67 65 47
4  47 65 59 54
4  48 49 72 67
4  49 50 71 72
4  50 51 70 71
4  51 52 69 70
4  52 53 68 69
4  53 55 66 68
3  54 59 58
4  55 56 64 66
4  56 57 63 64
4  57 60 62 63
4  59 65 115 116
3  60 61 62
6  62 97 94 81 80 63
4  63 80 78 64
4  64 78 77 66
7  65 67 93 95 111 113 115
4  66 77 76 68
7  67 72 73 87 88 90 93
4  68 76 75 69
4  69 75 74 70
4  70 74 73 71
3  71 73 72
4  73 74 86 87
4  74 75 83 86
4  75 76 82 83
4  76 77 79 82
3  77 78 79
4  78 80 81 79
4  79 81 84 82
4  81 94 92 84
4  82 84 85 83
5  83 85 89 88 86
4  84 92 91 85
3  85 91 89
3  86 88 87
3  88 89 90
5  89 91 96 95 90
3  90 95 93
4  91 92 98 96
4  92 94 99 98
5  94 97 101 100 99
6  95 96 102 104 107 111
5  96 98 100 101 102
3  98 99 100
4  101 103 104 102
4  103 105 106 104
3  104 106 107
5  106 108 110 112 107
4  107 112 113 111
3  108 109 110
5  110 118 117 114 112
3  112 114 113
4  113 114 117 115
5  115 117 118 119 116
