149
0/1 1/1
1/1 15/16
1/1 322/339
1/1 47/49
1/1 28/29
1/1 97/99
1/1 262/267
1/1 72/73
1/1 82/83
1/1 98/99
1/1 400/403
1/1 1/1
41679/41638 20398/20819
112407/112285 22036/22457
30733/30689 30268/30689
87123/86989 4860/5117
34943/34889 34468/34889
41679/41609 41188/41609
169663/169347 56028/56449
421/420 1/1
95988/95731 96152/95731
12593/12559 12045/12559
73675/73413 24892/24471
276/275 56/55
31675/31557 10700/10519
2172/2161 41240/41059
25443/25309 24795/25309
68619/68245 13392/13649
181/180 1/1
18761/18647 18390/18647
21331/21197 20940/21197
72943/72483 23980/24161
25443/25277 25020/25277
305/303 100/101
17919/17801 17620/17801
15023/14921 14740/14921
103571/102861 34030/34287
13213/13121 12940/13121
267/265 52/53
257/255 1/1
14381/14263 14066/14263
14649/14527 58365/58108
16351/16213 16016/16213
19503/19333 19136/19333
79391/78669 26026/26223
44975/44529 15100/14843
13621/13483 13740/13483
197/195 1/1
11229/11108 44629/44432
28013/27699 9490/9233
4925/4863 11544/11347
10441/10307 10504/10307
21473/21171 7254/7057
41891/41277 14530/13759
10537/10359 3710/3453
9509/9339 3370/3113
32111/31533 11102/10511
69133/67859 73770/67859
8077/7911 2834/2637
7289/7131 2574/2377
269/263 286/263
6845/6683 7238/6683
81/79 90/79
7585/7387 7942/7387
30155/29201 30866/29201
4033/3871 3982/3871
1961/1877 1914/1877
32375/30971 31526/30971
481/459 166/153
148/141 8074/8037
185/176 1/1
41/39 14/13
74555/70757 70202/70757
6105/5789 17182/17367
15355/14551 14366/14551
13505/12791 12606/12791
1221/1154 1694/1731
2119/2001 706/667
49/46 22/23
1417/1323 454/441
1287/1198 586/599
689/641 654/641
455/423 718/705
949/881 868/881
83/77 76/77
1287/1193 1180/1193
5239/4851 1604/1617
2964/2741 2754/2741
13/12 1/1
2964/2731 2744/2731
5239/4821 1594/1607
99/91 90/91
1079/991 978/991
73/67 66/67
3403/3121 3080/3121
455/417 708/695
6765/6199 18392/18597
689/631 644/631
82615/75613 74998/75613
1417/1293 444/431
205/187 1/1
3895/3546 42757/42552
5125/4639 33088/32473
10865/9827 10032/9827
163/147 52/49
545/491 506/491
533/477 172/159
37/33 12/11
163/145 154/145
2173/1929 696/643
7085/6203 6398/6203
3445/3001 3066/3001
11375/9899 10094/9899
4940/4267 12866/12801
5777/4989 1716/1663
65/56 1/1
2809/2413 2466/2413
1325/1137 2706/2653
26195/22469 22274/22469
195/167 5446/5511
83/71 70/71
5247/4483 4430/4483
21359/18219 6020/6073
3021/2572 10341/10288
53/45 1/1
3021/2558 10285/10232
21359/18051 5964/6017
5247/4427 4374/4427
25/21 50/49
99/83 81/83
65892/54881 55170/54881
18315/15251 15066/15251
5735/4767 20472/20657
289/240 1/1
327/271 270/271
185/153 1/1
403/333 110/111
57/47 189/188
281/231 1/1
27819/22709 22428/22709
53/43 44/43
5/4 1/1
339/269 252/269
545/427 442/427
20295/15577 15372/15577
41/31 34/31
109/81 28/27
99/71 70/71
239/169 170/169
150
3  0 57 62
3  0 55 57
3  0 54 55
3  0 1 2
3  0 53 54
3  0 2 3
3  0 3 4
3  0 4 5
3  0 49 53
3  0 5 6
3  0 46 49
3  0 6 7
5  0 23 24 45 46
3  0 22 23
3  0 7 8
3  0 8 9
3  0 9 10
3  0 10 11
3  0 20 22
4  0 11 19 20
3  1 15 2
4  2 15 21 3
5  3 21 26 12 4
3  4 12 5
4  5 12 13 6
4  6 13 14 7
4  7 14 16 8
4  8 16 17 9
4  9 17 18 10
4  10 18 19 11
4  12 26 27 13
4  13 27 29 14
4  14 29 30 16
8  15 142 139 131 129 80 78 21
4  16 30 32 17
5  17 32 33 31 18
4  18 31 28 19
4  19 28 25 20
4  20 25 24 22
4  21 78 76 26
3  22 24 23
4  24 25 41 45
4  25 28 39 41
6  26 76 75 40 38 27
4  27 38 37 29
4  28 31 36 39
4  29 37 35 30
4  30 35 34 32
3  31 33 36
3  32 34 33
5  33 34 43 44 36
4  34 35 42 43
4  35 37 40 42
4  36 44 47 39
3  37 38 40
4  39 47 48 41
4  40 75 74 42
4  41 48 50 45
4  42 74 73 43
4  43 73 72 44
4  44 72 70 47
4  45 50 51 46
4  46 51 52 49
4  47 70 69 48
4  48 69 67 50
4  49 52 56 53
4  50 67 66 51
4  51 66 65 52
4  52 65 64 56
4  53 56 58 54
4  54 58 59 55
4  55 59 60 57
4  56 64 63 58
5  57 60 61 68 62
4  58 63 61 59
3  59 61 60
4  61 63 71 68
4  63 64 77 71
4  64 65 79 77
4  65 66 81 79
4  66 67 82 81
4  67 69 87 82
4  68 71 106 107
4  69 70 88 87
4  70 72 86 88
4  71 77 104 106
4  72 73 85 86
4  73 74 84 85
4  74 75 83 84
4  75 76 80 83
3  76 78 80
4  77 79 99 104
4  79 81 97 99
8  80 129 127 121 120 94 93 83
4  81 82 95 97
4  82 87 89 95
4  83 93 92 84
4  84 92 91 85
4  85 91 90 86
3  86 90 88
3  87 88 89
4  88 90 98 100
4  88 100 101 89
4  89 101 102 95
4  90 91 96 98
4  91 92 94 96
3  92 93 94
4  94 120 119 96
4  95 102 103 97
4  96 119 118 98
4  97 103 105 99
4  98 118 115 100
4  99 105 108 104
4  100 115 113 101
4  101 113 112 102
4  102 112 111 103
4  103 111 110 105
6  104 108 110 114 109 106
3  105 110 108
3  106 109 107
4  109 114 143 145
4  110 111 116 114
4  111 112 117 116
4  112 113 123 117
4  113 115 124 123
5  114 116 140 141 143
4  115 118 122 124
7  116 117 128 130 137 138 140
4  117 123 125 128
4  118 119 121 122
3  119 120 121
4  121 127 126 122
3  122 126 124
3  123 124 125
5  124 126 132 134 133
4  124 133 130 125
3  125 130 128
4  126 127 131 132
3  127 129 131
4  130 133 135 137
5  131 139 138 136 132
3  132 136 134
3  133 134 135
4  134 136 138 135
3  135 138 137
6  138 139 144 146 143 141
3  138 141 140
3  139 142 144
5  143 146 147 148 145
3  144 147 146
