100
0/1 1/1
1/1 13/14
1/1 229/243
1/1 94/99
1/1 29/30
1/1 30/31
1/1 137/141
1/1 40/41
1/1 141/143
1/1 72/73
1/1 1/1
67821/67804 16470/16951
19721/19711 19230/19711
68783/68702 33870/34351
35113/35071 34590/35071
47871/47777 45019/47777
481/480 1/1
101491/101249 101730/101249
43771/43649 44130/43649
19503/19445 3692/3889
84175/83907 28450/27969
27417/27329 27810/27329
295/294 50/49
543/541 10460/10279
31675/31557 10700/10519
16471/16399 16580/16399
38191/37999 38180/37999
2955/2939 5681/5878
181/180 1/1
27777/27607 26819/27607
8077/8023 7826/8023
13213/13121 12940/13121
143/142 70/71
8249/8191 8078/8191
14381/14263 14066/14263
113/112 1/1
211/209 210/209
197/195 1/1
2561/2531 17914/17717
14381/14207 14010/14207
4925/4863 11544/11347
11229/11087 11284/11087
8077/7967 7770/7967
3743/3691 7579/7382
21473/21171 7254/7057
141/139 135/139
4141/4079 3978/4079
127/125 26/25
7373/7247 7146/7247
109/107 110/107
1558/1529 1570/1529
101/99 1/1
779/763 2330/2289
7175/7027 7150/7027
91/89 90/89
41/40 1/1
73/71 70/71
1681/1631 1590/1631
65/63 1/1
410/397 1150/1191
11375/10977 3724/3659
57/55 56/55
625/603 1432/1407
451/435 742/783
27/26 110/117
25/24 1/1
533/511 470/511
1025/977 952/977
750/713 688/713
37/35 6/7
2475/2341 2216/2341
6075/5734 2692/2867
65/61 56/61
459/427 515/549
55/51 434/459
25/23 133/138
3485/3193 3108/3193
243/221 207/221
1683/1525 288/305
85/77 1/1
14875/13367 13622/13367
255/229 441/458
19/17 35/34
697/623 606/623
2975/2649 900/883
17/15 1/1
697/607 590/607
15/13 25/26
2173/1873 1820/1873
99/85 16/17
11849/10001 9712/10001
25/21 50/49
289/240 1/1
11849/9679 9390/9679
31501/25677 8848/8559
243/194 90/97
129/101 112/101
8405/6529 6324/6529
109/81 28/27
41/29 28/29
102
3  0 69 66
5  0 66 64 15 1
3  0 1 2
3  0 2 3
3  0 3 4
5  0 47 49 94 96
3  0 4 5
3  0 5 6
3  0 6 7
3  0 44 47
3  0 43 44
3  0 7 8
5  0 22 23 41 43
3  0 21 22
3  0 20 21
3  0 8 9
3  0 9 10
3  0 18 20
3  0 17 18
4  0 10 16 17
3  1 15 2
4  2 15 19 3
4  3 19 27 4
5  4 27 29 11 5
3  5 11 6
4  6 11 12 7
4  7 12 13 8
4  8 13 14 9
4  9 14 16 10
4  11 29 30 12
6  12 30 34 33 32 13
4  13 32 31 14
4  14 31 28 16
4  15 64 63 19
4  16 28 26 17
4  17 26 25 18
4  18 25 24 20
4  19 63 59 27
4  20 24 23 21
3  21 23 22
4  23 24 40 41
4  24 25 38 40
5  25 26 36 37 38
4  26 28 35 36
6  27 59 57 46 45 29
4  28 31 33 35
4  29 45 42 30
4  30 42 39 34
3  31 32 33
4  33 34 37 35
3  34 39 37
3  35 37 36
4  37 39 48 51
4  37 51 54 38
4  38 54 53 40
4  39 42 46 48
4  40 53 52 41
4  41 52 50 43
3  42 45 46
4  43 50 49 44
3  44 49 47
4  46 57 56 48
4  48 56 55 51
7  49 50 82 84 91 92 94
6  50 52 61 62 80 82
3  51 55 54
4  52 53 60 61
5  53 54 55 58 60
3  55 56 58
5  56 57 67 65 58
4  57 59 68 67
4  58 65 62 60
4  59 63 70 68
3  60 62 61
4  62 65 79 80
4  63 64 71 70
4  64 66 72 71
4  65 67 76 79
5  66 69 77 73 72
4  67 68 75 76
4  68 70 74 75
4  70 71 73 74
3  71 72 73
4  73 77 78 74
4  74 78 81 75
4  75 81 83 76
4  76 83 85 79
6  77 95 93 90 89 78
4  78 89 87 81
4  79 85 84 80
3  80 84 82
4  81 87 86 83
3  83 86 85
5  84 85 86 88 91
3  86 87 88
4  87 89 90 88
4  88 90 92 91
3  90 93 92
5  92 93 97 98 94
3  93 95 97
3  94 98 96
3  97 99 98
