115
0/1 1/1
1/1 22/23
1/1 26/27
1/1 314/323
1/1 268/275
1/1 42/43
1/1 189/193
1/1 49/50
1/1 90/91
1/1 131/132
1/1 1/1
23579/23563 22906/23563
100375/100289 13962/14327
15695/15679 15314/15679
14089/14072 3445/3518
18250/18227 17862/18227
85595/85479 27698/28493
72875/72761 70906/72761
2279/2275 2222/2275
33215/33151 32786/33151
51145/51044 12496/12761
13250/13223 12958/13223
3212/3205 9542/9615
24115/24047 23782/24047
34980/34871 34606/34871
311/310 156/155
265/264 1/1
35245/35089 35354/35089
6996/6965 6912/6965
56445/56186 28358/28093
24115/24001 23736/24001
19345/19249 19514/19249
32065/31898 16214/15949
369/367 374/367
13250/13177 12912/13177
10229/10172 2490/2543
31097/30919 31433/30919
11395/11329 11064/11329
72875/72439 70584/72439
18761/18647 18904/18647
323/321 104/107
54175/53821 52442/53821
54741/54379 54893/54379
34181/33947 34204/33947
8471/8413 8216/8413
38021/37747 36959/37747
4925/4889 9581/9778
2561/2539 17576/17773
8481/8407 33371/33628
225/223 221/223
6501/6442 25571/25768
23387/23173 22916/23173
6425/6359 12461/12718
193/191 187/191
3625/3587 7029/7174
3743/3701 26104/25907
41961/41479 41873/41479
13195/13037 12892/13037
14381/14207 14404/14207
23837/23539 23933/23539
319/315 3751/3780
1576/1553 6409/6212
409/403 32/31
13600/13399 13824/13399
133/131 132/131
10295/10137 30701/30411
2117/2083 2112/2083
121/119 121/119
7373/7247 7348/7247
21513/21127 21329/21127
13433/13187 13288/13187
6205/6091 6176/6091
30175/29594 44816/44391
11305/11083 11168/11083
3333/3262 12947/13048
91/89 88/89
44/43 128/129
5453/5311 5352/5311
2911/2834 4292/4251
73/71 72/71
13845/13451 13581/13451
1729/1679 1692/1679
32/31 32/31
1625/1567 3069/3134
2795/2693 2628/2693
17875/17213 2394/2459
5325/5126 2588/2563
475/457 3224/3199
1250/1193 1168/1193
131/125 117/125
43/41 40/41
925/881 1725/1762
4921/4643 4680/4643
2627/2477 7505/7431
72875/68597 66742/68597
6625/6223 12181/12446
7049/6551 6604/6551
18815/17473 52949/52419
777/716 9295/8592
21/19 13/12
121/107 130/107
17111/14919 45239/44757
32053/27917 28158/27917
1205/1033 10089/10330
55/47 228/235
1570/1337 6528/6685
20881/17471 17628/17471
213/178 90/89
5491/4583 32370/32081
14450/11839 11550/11839
13/10 6/7
205/157 21086/20881
250/187 182/187
133/97 98/97
41/29 28/29
114
7  0 110 109 105 104 94 89
3  0 98 100
7  0 89 85 41 40 16 1
3  0 1 2
3  0 2 3
7  0 62 63 82 86 93 98
3  0 61 62
3  0 3 4
3  0 4 5
3  0 5 6
3  0 6 7
3  0 7 8
5  0 33 36 59 61
3  0 32 33
3  0 31 32
3  0 8 9
3  0 29 31
3  0 9 10
3  0 27 29
4  0 25 26 27
5  0 10 9 22 25
4  1 16 11 2
3  2 11 3
4  3 11 12 4
4  4 12 13 5
4  5 13 14 6
4  6 14 15 7
4  7 15 19 8
4  8 19 22 9
4  11 16 17 12
4  12 17 18 13
4  13 18 20 14
4  14 20 21 15
4  15 21 23 19
4  16 40 38 17
4  17 38 37 18
4  18 37 35 20
4  19 23 24 22
4  20 35 34 21
4  21 34 30 23
4  22 24 26 25
4  23 30 28 24
3  24 28 26
5  26 28 48 43 27
4  27 43 42 29
5  28 30 47 49 48
4  29 42 39 31
4  30 34 46 47
4  31 39 36 32
3  32 36 33
4  34 35 45 46
4  35 37 44 45
4  36 39 58 59
4  37 38 41 44
3  38 40 41
4  39 42 56 58
4  41 85 84 44
4  42 43 55 56
4  43 48 50 55
6  44 84 83 54 53 45
4  45 53 52 46
4  46 52 51 47
3  47 51 49
3  48 49 50
5  49 51 57 60 50
4  50 60 64 55
4  51 52 54 57
3  52 53 54
7  54 83 81 77 76 75 57
4  55 64 65 56
4  56 65 66 58
4  57 75 74 60
4  58 66 67 59
6  59 67 68 71 63 61
4  60 74 70 64
3  61 63 62
4  63 71 79 82
4  64 70 69 65
4  65 69 68 66
3  66 68 67
4  68 69 72 71
4  69 70 73 72
4  70 74 76 73
4  71 72 78 79
4  72 73 77 78
3  73 76 77
3  74 75 76
4  77 81 80 78
3  78 80 79
4  79 80 86 82
4  80 81 87 86
4  81 83 88 87
4  83 84 90 88
6  84 85 94 95 91 90
3  85 89 94
4  86 87 92 93
4  87 88 91 92
3  88 90 91
4  91 95 96 92
4  92 96 97 93
4  93 97 99 98
4  94 104 103 95
4  95 103 102 96
4  96 102 101 97
3  97 101 99
7  98 99 101 107 108 111 100
4  101 102 106 107
4  102 103 105 106
3  103 104 105
4  105 109 108 106
3  106 108 107
4  108 109 112 111
5  109 110 114 113 112
3  111 112 113
