100
0/1 1/1
1/1 16/17
1/1 20/21
1/1 37/38
1/1 134/137
1/1 69/70
1/1 104/105
1/1 240/241
1/1 1/1
3045/3041 2896/3041
5510/5489 5344/5489
19865/19779 6448/6593
10150/10097 9952/10097
15225/15137 14992/15137
34945/34721 34576/34721
145/144 1/1
273/271 272/271
3857/3827 3856/3827
257/255 1/1
34365/34094 17192/17047
241/239 238/239
11745/11647 11792/11647
113/112 1/1
111/110 56/55
15029/14881 14994/14881
405/401 406/401
8927/8838 13370/13257
98/97 98/97
20145/19934 10052/9967
3051/3019 9170/9057
2261/2237 2254/2237
85/84 1/1
10396/10259 10598/10259
8925/8807 8722/8807
5950/5867 5782/5867
68/67 70/67
11645/11469 3738/3823
190/187 182/187
58225/57253 55978/57253
3772/3707 3830/3707
29750/29207 28782/29207
14875/14589 43342/43767
425/416 1/1
369/361 3290/3249
3239/3166 4790/4749
56525/55241 55666/55241
44/43 130/129
5453/5329 5370/5329
33575/32806 49634/49209
675/659 2002/1977
41/40 1/1
1435/1397 4150/4191
2870/2791 2750/2791
39100/38011 39286/38011
137/133 130/133
2975/2883 9074/8649
1603/1553 15301/15530
1603/1551 23036/23265
575/556 442/417
229/221 1/1
30457/29333 29562/29333
18091/17419 52715/52257
6183/5947 18070/17841
74/71 78/71
23/22 91/88
999/949 2884/2847
2923/2773 8393/8319
4921/4667 4704/4667
37/35 1/1
897/848 225/212
35/33 98/99
273/257 270/257
149/140 1/1
19817/18569 18718/18569
79/74 112/111
1729/1619 1632/1619
377/352 1/1
14/13 64/65
1053/977 990/977
1729/1601 1614/1601
13/12 1/1
1729/1591 1604/1591
1053/967 980/967
21/19 18/19
21/19 20/19
1377/1223 1240/1223
2261/2003 2020/2003
17/15 1/1
2261/1987 2004/1987
81/71 72/71
1351/1181 22632/22439
69/59 63/59
37373/30883 31164/30883
24511/20101 17592/20101
241/196 6/7
38735/31139 27174/31139
413/323 294/323
127/97 84/97
133/97 98/97
41/29 28/29
100
3  0 94 93
8  0 93 90 88 87 83 9 1
3  0 1 2
3  0 58 63
3  0 55 58
3  0 2 3
5  0 35 39 53 55
3  0 32 35
3  0 3 4
3  0 4 5
5  0 23 25 29 32
3  0 5 6
3  0 21 23
3  0 6 7
3  0 19 21
3  0 17 19
3  0 7 8
3  0 16 17
4  0 8 15 16
3  1 9 2
4  2 9 10 3
4  3 10 11 4
4  4 11 12 5
4  5 12 13 6
4  6 13 14 7
4  7 14 15 8
9  9 83 80 77 56 54 38 37 10
4  10 37 36 11
4  11 36 34 12
4  12 34 33 13
6  13 33 31 22 20 14
4  14 20 18 15
3  15 18 16
5  16 18 22 24 17
4  17 24 26 19
3  18 20 22
5  19 26 27 25 21
3  21 25 23
4  22 31 30 24
4  24 30 28 26
3  25 27 29
3  26 28 27
5  27 28 44 43 29
5  28 30 45 46 44
4  29 43 39 32
4  30 31 42 45
4  31 33 41 42
3  32 39 35
4  33 34 40 41
4  34 36 38 40
3  36 37 38
4  38 54 52 40
4  39 43 49 53
4  40 52 51 41
4  41 51 50 42
4  42 50 47 45
4  43 44 48 49
3  44 46 48
3  45 47 46
5  46 47 60 61 48
4  47 50 59 60
4  48 61 62 49
4  49 62 64 53
4  50 51 57 59
4  51 52 56 57
3  52 54 56
6  53 64 65 78 71 55
4  55 71 69 58
6  56 77 76 72 70 57
4  57 70 68 59
3  58 69 63
4  59 68 67 60
4  60 67 66 61
4  61 66 65 62
3  62 65 64
6  65 66 74 75 79 78
4  66 67 73 74
4  67 68 72 73
3  68 70 72
6  69 71 84 85 89 91
4  71 78 82 84
4  72 76 75 73
3  73 75 74
4  75 76 80 79
3  76 77 80
4  78 79 81 82
3  79 80 81
3  80 83 87
4  80 87 86 81
4  81 86 85 82
3  82 85 84
4  85 86 88 89
3  86 87 88
3  88 90 89
4  89 90 92 91
5  90 93 95 96 92
3  92 96 98
3  93 94 95
3  95 97 96
4  96 97 99 98
