118
0/1 1/1
1/1 20/21
1/1 206/215
1/1 26/27
1/1 57/59
1/1 344/353
1/1 42/43
1/1 63/64
1/1 69/70
1/1 1/1
4307/4306 2080/2153
3655/3653 3500/3653
25769/25747 25090/25747
15695/15679 15314/15679
767/766 370/383
23360/23323 22958/23323
25550/25507 25142/25507
78013/77849 75860/77849
9503/9481 9260/9481
14144/14101 13880/14101
2210/2203 15200/15421
13870/13823 41834/41469
25550/25453 25818/25453
60955/60707 61802/60707
57670/57431 58526/57431
32485/32342 16536/16171
21535/21422 11076/10711
8398/8353 25280/25059
176/175 26/25
170/169 1200/1183
36907/36677 37340/36677
158/157 160/157
18871/18749 19088/18749
5015/4982 2576/2491
1582/1571 7968/7855
4294/4261 12896/12783
7565/7502 3836/3751
14195/14067 4774/4689
5950/5893 5978/5893
9690/9589 9674/9589
1582/1565 7712/7825
7232/7153 7040/7153
4859/4801 4688/4801
39889/39401 38384/39401
6667/6578 3176/3289
5950/5867 5782/5867
5440/5363 5278/5363
4859/4789 22928/23945
3655/3599 3514/3599
6001/5907 1918/1969
63/62 88/93
59/58 28/29
13631/13379 64042/66895
14473/14201 13832/14201
1763/1729 1688/1729
2624/2569 2528/2569
2870/2809 2768/2809
111901/109399 106546/109399
13631/13319 13002/13319
20288/19787 19470/19787
4438/4327 21318/21635
38/37 112/111
317/308 1/1
4438/4297 21168/21485
4438/4297 21802/21485
20288/19637 19320/19637
52939/51211 52162/51211
89/86 44/43
13631/13169 12852/13169
111901/108049 105196/108049
4175/4029 1368/1343
250/241 1712/1687
13631/13109 62692/65545
5389/5161 4844/5161
250/239 1648/1673
1600/1529 1504/1529
43/41 40/41
592/563 2215/2252
1295/1231 2425/2462
359/341 28/31
1295/1219 2475/2438
167/157 160/157
5278/4955 25152/24775
3485/3263 3058/3263
44075/40961 39116/40961
14/13 64/65
72365/66767 64922/66767
3280/3013 11847/12052
182/167 848/835
767/698 362/349
1025/929 13211/13006
2067/1868 493/467
637/573 204/191
59/53 55/53
66/59 64/59
595/529 1075/1058
2359/2091 5216/4879
53583/47192 6236/5899
8/7 55/56
674/581 20672/20335
403/347 352/347
1687/1451 14751/14510
12773/10757 34199/32271
353/297 32/33
49/41 44/41
53/44 35/33
6475/5303 10791/10606
43/35 36/35
350/283 288/283
159/127 135/127
4795/3719 7575/7438
1075/833 788/833
17/13 12/13
1247/939 1478/1565
63/47 45/47
215/159 50/53
7/5 51/50
239/169 170/169
116
3  0 79 73
3  0 92 94
5  0 73 72 52 50
5  0 50 47 11 1
3  0 91 92
3  0 1 2
3  0 2 3
5  0 28 33 89 91
3  0 3 4
3  0 26 28
3  0 4 5
3  0 5 6
3  0 6 7
3  0 25 26
3  0 24 25
3  0 23 24
3  0 7 8
3  0 22 23
3  0 8 9
3  0 21 22
5  0 9 8 16 21
3  1 11 2
5  2 11 14 10 3
3  3 10 4
4  4 10 12 5
4  5 12 13 6
4  6 13 15 7
4  7 15 16 8
4  10 14 17 12
4  11 47 44 14
4  12 17 18 13
4  13 18 19 15
4  14 44 43 17
4  15 19 20 16
4  16 20 27 21
4  17 43 42 18
4  18 42 41 19
4  19 41 40 20
4  20 40 35 27
4  21 27 29 22
4  22 29 30 23
4  23 30 31 24
6  24 31 32 37 36 25
4  25 36 33 26
3  26 33 28
4  27 35 34 29
4  29 34 32 30
3  30 32 31
4  32 34 38 37
8  33 36 67 70 81 82 88 89
4  34 35 39 38
4  35 40 45 39
4  36 37 66 67
4  37 38 64 66
5  38 39 61 62 64
4  39 45 56 61
4  40 41 46 45
4  41 42 48 46
4  42 43 49 48
4  43 44 51 49
6  44 47 52 57 53 51
4  45 46 55 56
4  46 48 54 55
3  47 50 52
4  48 49 53 54
3  49 51 53
4  52 72 69 57
4  53 57 58 54
4  54 58 59 55
4  55 59 60 56
4  56 60 62 61
4  57 69 68 58
4  58 68 65 59
4  59 65 63 60
3  60 63 62
5  62 63 74 71 64
4  63 65 75 74
4  64 71 70 66
4  65 68 76 75
3  66 70 67
6  68 69 86 87 77 76
4  69 72 84 86
4  70 71 80 81
4  71 74 78 80
4  72 73 83 84
3  73 79 83
4  74 75 77 78
3  75 76 77
6  77 87 90 88 85 78
4  78 85 82 80
3  80 82 81
3  82 85 88
4  83 112 111 84
6  84 111 108 106 103 86
5  86 103 100 98 87
4  87 98 95 90
4  88 90 93 89
6  89 93 95 99 97 91
3  90 95 93
4  91 97 96 92
3  92 96 94
4  95 98 100 99
4  96 97 102 104
4  97 99 101 102
3  99 100 101
4  100 103 106 101
5  101 106 107 105 102
3  102 105 104
3  105 107 109
3  106 108 107
4  107 108 110 109
5  108 111 113 114 110
3  110 114 116
3  111 112 113
3  113 115 114
4  114 115 117 116
