31
0/1 9/10
0/1 1/1
1/10 4/5
1/10 9/10
1/10 1/1
1/5 7/10
1/5 4/5
1/5 9/10
3/10 3/5
3/10 7/10
3/10 4/5
2/5 1/2
2/5 3/5
2/5 7/10
1/2 2/5
1/2 1/2
1/2 3/5
3/5 3/10
3/5 2/5
3/5 1/2
7/10 1/5
7/10 3/10
7/10 2/5
4/5 1/10
4/5 1/5
4/5 3/10
9/10 0/1
9/10 1/10
9/10 1/5
1/1 0/1
1/1 1/10
36
3  0 2 3
4  0 3 4 1
3  2 5 6
3  2 6 3
3  3 6 7
3  3 7 4
3  5 8 9
3  5 9 6
3  6 9 10
3  6 10 7
3  8 11 12
3  8 12 9
3  9 12 13
3  9 13 10
3  11 14 15
3  11 15 12
3  12 15 16
3  12 16 13
3  14 18 15
3  14 17 18
3  15 19 16
3  15 18 19
3  17 21 18
3  17 20 21
3  18 22 19
3  18 21 22
3  20 24 21
3  20 23 24
3  21 25 22
3  21 24 25
3  23 27 24
3  23 26 27
3  24 28 25
3  24 27 28
4  26 29 30 27
3  27 30 28
