48
88575415683/1633009664000 309157140207/204126208000
3/25 87/50
883055420337/7283492054800 200847671194539/116535872876800
850447538340351/6992292343622144 30148783580284719/17480730859055360
1011/8200 222537/131200
314997/2528000 2144577/1264000
22598493/181241600 153681033/90620800
900370930838957/7155061848529920 198417939708067/114176518859520
1544658623393/12261363264800 511521464716729/294272718355200
10369705929189/81218301164000 87143773212393/49980493024000
298217731117893/2325731065548800 26891002458113811/15407968309260800
2396683696636531/18214523097628000 303560081497372361/145716184781024000
1545676707/11129404000 265081035009/178070464000
2730030421383933/18728018197988000 14021139511734753/9364009098994000
36040993846581/245242501504000 182234451369921/122621250752000
230523/1280000 549609/320000
3389583341086387/18214523097628000 841829302615408091/437148554343072000
3/16 1101/640
18993/100000 471309/275000
124779/614800 8259009/4918400
2930931220554604207/12927221566782952000 2922079766769111153/1615902695847869000
3685736709363/15964075228000 281840356152051/175604827508000
584858570455121/2517017815884000 24981792706240493/13940406364896000
556014067346356599/2357397869754616000 12700158068612048559/7978885097631008000
4548275630283687/18214523097628000 309517479364071497/145716184781024000
1640442496564111/6190064436556000 36030521074476689/21223078068192000
418781813337344269/1552453411795000000 21568258549739489591/12807740647308750000
14392107440151403/51983418489745600 518838404840074841/311900510938473600
69101590162139/249514015036000 29879906828255881/17965009082592000
13577090843073/48997264333600 326012722609329/195989057334400
3607293481219378727/12768380691437228000 168249057735427307237/102147045531497824000
497248894702137/1726666668052000 7963838659480581/4748333337143000
42960382671/146979664000 717187965261/497469632000
674587841627463/2299743386530304 149121052801431/89833726036340
1879715097363/6331959964000 85527829594953/50655679712000
225345954976007785473/743523683934221632000 3417783521048394588249/2044690130819109488000
851911356390233547/2719495765803388000 36629046709497564657/21755966126427104000
533883634753/1633009664000 292118291237/204126208000
144522581789337/425228626108000 35134025403266029/23812803062048000
18103698167128/53118285702625 20107466390336201/13598281139872000
12441797466925859/36429046195256000 322748269335052553/218574277171536000
129069/332800 955049/582400
63/160 425/256
6363/14600 7089/3650
2148207173292747091/4807200986240224000 8856265167892273787/4807200986240224000
20391/44000 668471/352000
57687361590936029/123758951457856000 57707401989057607/30939737864464000
139219590640414397/291432369562048000 138523041758357301/72858092390512000
47
3  0 2 1
4  0 12 4 2
3  1 2 3
3  1 3 7
3  1 9 10
3  1 7 8
3  1 8 9
4  2 4 5 3
4  3 5 15 7
4  4 12 13 6
3  4 6 5
5  5 6 19 18 15
4  6 13 21 19
4  7 15 17 8
5  8 17 25 22 9
4  9 22 20 10
3  10 20 16
3  11 16 24
3  12 14 13
4  13 14 23 21
3  14 32 23
3  15 18 17
6  16 20 43 45 47 24
4  17 18 26 25
4  18 19 27 26
4  19 21 28 27
4  20 22 45 43
4  21 23 30 28
4  22 25 34 45
5  23 32 38 39 30
4  25 26 31 34
4  26 27 29 31
3  27 28 29
4  28 30 33 29
4  29 33 35 31
4  30 39 41 33
4  31 35 36 34
3  32 37 38
3  33 41 35
4  34 36 44 45
4  35 41 42 36
3  36 42 44
3  37 40 38
3  38 40 39
6  39 40 46 44 42 41
3  44 46 45
3  45 46 47
