72
0/1 17/48
1/48 0/1
1/48 1/3
1/48 3/8
1/24 5/16
1/16 7/24
1/16 1/3
5/48 0/1
5/48 1/12
5/48 7/24
5/48 3/8
7/48 1/2
3/16 1/12
3/16 1/6
3/16 1/3
3/16 3/8
3/16 11/24
3/16 13/24
5/24 3/16
11/48 1/8
11/48 7/24
11/48 3/8
11/48 1/2
1/4 7/48
1/4 19/48
13/48 1/12
13/48 1/8
13/48 1/6
13/48 1/4
13/48 7/24
13/48 3/8
13/48 5/12
13/48 11/24
13/48 1/2
13/48 13/24
7/24 5/48
7/24 7/16
5/16 1/12
5/16 1/8
5/16 5/24
5/16 1/4
5/16 7/24
5/16 1/3
5/16 5/12
5/16 11/24
5/16 1/2
5/16 13/24
1/3 5/16
17/48 1/12
17/48 1/8
17/48 1/6
17/48 1/4
17/48 7/24
3/8 13/48
3/8 17/48
19/48 1/6
19/48 5/24
19/48 1/4
19/48 7/24
5/12 11/48
5/12 5/16
7/16 1/12
7/16 1/8
7/16 5/24
7/16 1/4
7/16 7/24
23/48 5/24
23/48 1/4
23/48 11/24
25/48 1/12
25/48 1/8
9/16 1/12
72
3  0 2 3
7  1 7 8 13 5 4 2
4  2 4 6 3
3  3 6 10
4  3 10 16 11
3  4 5 6
4  5 13 18 9
3  5 9 6
6  6 9 20 14 15 10
3  7 12 8
4  8 12 19 13
4  9 18 28 20
3  10 15 16
3  11 16 17
3  12 25 19
4  13 19 23 18
3  14 21 15
5  14 20 29 30 21
4  15 21 24 16
3  16 22 17
4  16 24 31 32
3  16 32 22
3  17 22 34
4  18 23 27 28
4  19 25 26 23
4  20 28 41 29
3  21 30 24
4  22 32 33 34
3  23 26 27
3  24 30 31
3  25 35 26
3  25 37 35
7  26 35 38 50 56 39 27
3  27 39 28
3  28 40 41
3  28 39 40
4  29 41 42 30
5  30 42 43 36 31
3  31 36 32
3  32 36 44
4  32 44 45 33
3  33 45 34
3  34 45 46
3  35 37 38
3  36 43 44
3  37 49 38
3  37 48 49
3  38 49 50
3  39 51 40
5  39 56 59 57 51
5  40 51 53 52 41
3  41 47 42
3  41 52 47
4  42 47 54 43
7  43 54 60 65 67 68 44
5  47 52 58 60 54
4  48 61 62 49
3  49 55 50
4  49 62 63 55
3  50 55 56
3  51 57 53
3  52 53 58
5  53 57 64 65 58
3  55 63 56
3  56 63 59
4  57 59 63 64
3  58 65 60
4  61 69 70 62
3  62 70 63
4  63 66 67 64
3  64 67 65
3  69 71 70
