67
0/1 1/4
0/1 3/8
1/24 5/12
1/16 13/48
1/12 1/6
1/12 1/4
1/12 7/24
1/12 3/8
5/48 5/16
1/8 5/24
1/8 1/4
1/8 7/24
1/8 1/3
1/6 1/6
1/6 5/24
1/6 1/4
1/6 7/24
1/6 3/8
3/16 11/48
3/16 13/48
5/24 0/1
5/24 1/8
5/24 1/6
5/24 5/24
5/24 1/4
5/24 7/24
5/24 3/8
5/24 5/12
1/4 0/1
1/4 1/12
1/4 1/6
1/4 5/24
1/4 1/4
1/4 7/24
1/4 3/8
1/4 5/12
1/4 11/24
1/3 0/1
1/3 1/12
1/3 1/4
1/3 1/3
1/3 3/8
1/3 5/12
1/3 11/24
1/3 13/24
3/8 0/1
3/8 1/4
3/8 1/3
3/8 3/8
3/8 5/12
3/8 11/24
3/8 1/2
3/8 7/12
5/12 3/8
5/12 11/24
11/24 1/4
11/24 1/3
11/24 3/8
11/24 5/12
1/2 1/3
1/2 3/8
13/24 7/12
2/3 1/3
2/3 5/12
2/3 11/24
17/24 1/3
17/24 5/12
69
4  0 4 9 5
8  0 5 3 6 8 12 7 1
3  1 7 2
4  2 7 17 27
3  3 5 6
3  4 13 9
3  5 9 10
4  5 10 11 6
3  6 11 8
3  7 12 17
5  8 11 15 16 12
3  9 15 10
3  9 13 14
3  9 14 15
3  10 15 11
3  12 16 17
5  13 22 23 18 14
3  13 21 22
3  14 18 15
3  15 19 16
3  15 18 24
3  15 24 19
5  16 19 25 26 17
3  17 26 27
3  18 23 24
3  19 24 25
4  20 28 29 21
4  21 29 30 22
3  22 30 23
3  23 31 24
3  23 30 31
3  24 33 25
3  24 31 32
3  24 32 33
4  25 33 34 26
4  26 34 35 27
3  27 35 36
3  28 37 29
3  29 38 30
3  29 37 38
8  30 38 37 45 46 39 32 31
5  32 39 40 41 33
3  33 41 34
4  34 41 42 35
4  35 42 43 36
3  36 43 44
4  39 46 47 40
4  40 47 48 41
3  41 49 42
3  41 48 49
4  42 49 50 43
4  43 50 51 44
3  44 51 52
4  46 55 56 47
3  47 53 48
4  47 56 57 53
4  48 53 58 49
3  49 54 50
3  49 58 54
3  50 54 51
4  51 54 61 52
3  53 57 58
4  54 58 63 64
3  54 64 61
4  56 59 60 57
3  57 60 58
5  58 60 59 62 63
4  62 65 66 63
3  63 66 64
