68
0/1 1/24
5/24 0/1
5/24 1/24
5/24 1/12
5/24 1/4
1/4 0/1
1/4 1/24
1/4 1/12
1/4 1/8
1/4 1/4
1/4 7/24
13/48 1/48
7/24 0/1
7/24 1/24
7/24 1/12
7/24 1/8
7/24 1/6
7/24 1/4
7/24 7/24
7/24 1/3
1/3 1/24
1/3 1/12
1/3 1/8
1/3 1/6
1/3 5/24
1/3 1/4
1/3 7/24
17/48 11/48
3/8 1/8
3/8 1/6
3/8 5/24
3/8 1/4
3/8 7/24
3/8 1/3
3/8 5/12
19/48 7/48
19/48 3/16
5/12 1/8
5/12 1/6
5/12 5/24
5/12 1/4
5/12 7/24
5/12 1/3
5/12 3/8
5/12 11/24
7/16 3/16
7/16 5/16
11/24 1/12
11/24 1/6
11/24 5/24
11/24 1/4
11/24 7/24
11/24 1/3
23/48 11/48
23/48 13/48
1/2 1/8
1/2 1/6
1/2 5/24
1/2 1/4
1/2 7/24
1/2 1/3
1/2 3/8
25/48 13/48
13/24 7/24
13/24 1/3
9/16 5/16
7/12 1/6
7/12 7/24
87
4  0 2 3 4
3  1 6 2
3  1 5 6
3  2 6 3
4  3 8 9 4
3  3 7 8
3  3 6 7
3  4 9 10
3  5 11 6
3  5 12 11
3  6 14 7
3  6 13 14
3  6 11 13
4  7 14 15 8
4  8 16 17 9
3  8 15 16
3  9 17 10
3  10 17 18
3  10 18 19
3  11 12 13
4  13 21 22 14
3  13 20 21
3  14 22 15
4  15 22 23 16
3  16 24 17
3  16 23 24
4  17 25 26 18
3  17 24 25
5  18 26 32 33 19
3  19 33 34
5  20 37 35 28 21
3  21 28 22
3  22 29 23
3  22 28 29
3  23 29 24
3  24 27 25
4  24 29 30 27
4  25 31 32 26
3  25 27 31
3  27 30 31
3  28 35 29
3  29 36 30
3  29 38 36
3  29 35 38
4  30 36 39 31
3  31 41 32
3  31 40 41
3  31 39 40
4  32 41 42 33
4  33 42 43 34
3  34 43 44
3  35 37 38
3  36 38 39
4  37 47 48 38
3  38 45 39
3  38 48 45
3  39 50 40
4  39 45 49 50
3  40 50 41
4  41 46 52 42
3  41 51 46
3  41 50 51
3  42 52 43
4  43 52 61 44
3  45 48 49
3  46 51 52
3  47 55 48
3  48 57 49
3  48 56 57
3  48 55 56
3  49 53 50
3  49 57 53
3  50 54 51
3  50 58 54
3  50 53 58
3  51 59 52
3  51 54 59
4  52 60 64 61
3  52 59 60
3  53 57 58
3  54 58 59
7  56 66 67 63 62 58 57
3  58 62 59
3  59 64 60
4  59 63 65 64
3  59 62 63
3  63 67 65
