64
0/1 5/12
0/1 11/24
1/48 13/48
1/24 1/4
1/24 7/24
1/24 5/12
1/16 13/48
1/12 5/24
1/12 1/4
1/12 7/24
1/12 1/3
1/12 3/8
1/12 5/12
1/12 11/24
5/48 13/48
5/48 5/16
5/48 17/48
1/8 5/24
1/8 1/4
1/8 7/24
1/8 1/3
1/8 3/8
7/48 7/48
7/48 11/48
7/48 5/16
7/48 17/48
1/6 1/6
1/6 5/24
1/6 1/4
1/6 7/24
1/6 1/3
1/6 3/8
1/6 5/12
1/6 11/24
3/16 3/16
5/24 5/24
5/24 1/4
5/24 7/24
5/24 1/3
5/24 3/8
5/24 5/12
5/24 11/24
11/48 11/48
1/4 1/4
1/4 7/24
1/4 1/3
1/4 5/12
1/4 11/24
7/24 0/1
7/24 5/24
7/24 7/24
7/24 11/24
1/3 0/1
1/3 5/24
1/3 1/4
1/3 1/3
1/3 5/12
1/3 11/24
3/8 5/24
3/8 3/8
3/8 5/12
3/8 11/24
5/12 1/4
5/12 5/12
71
3  0 5 1
4  1 5 12 13
4  2 3 6 4
3  3 7 8
3  3 8 6
4  4 6 9 10
3  5 11 12
3  6 8 9
4  7 22 26 17
3  7 17 8
3  8 14 9
5  8 17 27 23 18
3  8 18 14
3  9 15 10
3  9 14 19
3  9 19 15
3  10 16 11
3  10 15 20
3  10 20 16
5  11 16 21 32 12
4  12 32 33 13
4  14 18 28 19
4  15 19 24 20
4  16 20 25 21
3  17 26 27
3  18 23 28
3  19 28 29
3  19 29 24
3  20 24 30
3  20 30 25
4  21 25 31 32
6  22 48 49 35 34 26
3  23 27 28
3  24 29 30
3  25 30 31
3  26 34 27
3  27 34 35
5  27 35 42 36 28
3  28 36 29
4  29 36 43 37
3  29 37 30
4  30 39 40 31
3  30 37 38
3  30 38 39
3  31 40 32
3  32 41 33
3  32 40 41
4  35 49 43 42
3  36 42 43
3  37 43 44
4  37 44 45 38
4  38 45 46 39
3  39 46 40
3  40 47 41
3  40 46 47
3  43 50 44
3  43 54 50
4  43 49 53 54
4  44 50 55 45
4  45 55 56 46
3  46 51 47
3  46 56 51
4  48 52 53 49
3  50 54 55
3  51 56 57
3  53 58 54
6  54 62 63 60 59 55
3  54 58 62
3  55 59 56
3  56 59 60
4  56 60 61 57
