70
0/1 0/1
0/1 5/24
0/1 1/4
0/1 1/3
1/24 1/4
1/12 1/8
1/12 5/24
1/12 1/4
1/12 7/24
1/12 1/3
5/48 5/16
1/8 0/1
1/8 1/12
1/8 1/6
1/8 5/24
1/8 1/4
1/8 7/24
1/8 1/3
1/8 3/8
7/48 13/48
1/6 1/24
1/6 1/8
1/6 1/6
1/6 5/24
1/6 1/4
1/6 7/24
1/6 1/3
1/6 3/8
1/6 5/12
3/16 11/48
5/24 1/12
5/24 1/6
5/24 5/24
5/24 1/4
5/24 7/24
5/24 1/3
5/24 3/8
5/24 5/12
1/4 1/12
1/4 1/6
1/4 5/24
1/4 1/4
1/4 7/24
1/4 1/3
1/4 3/8
1/4 5/12
1/4 11/24
7/24 1/12
7/24 1/6
7/24 5/24
7/24 1/4
7/24 7/24
7/24 1/3
7/24 3/8
7/24 5/12
7/24 11/24
5/16 7/16
1/3 5/24
1/3 7/24
1/3 1/3
1/3 3/8
1/3 5/12
1/3 11/24
3/8 3/8
5/12 7/24
5/12 1/3
5/12 3/8
5/12 11/24
11/24 1/3
11/24 3/8
84
6  0 11 12 5 6 1
3  1 4 2
4  1 6 7 4
5  2 4 8 9 3
3  4 7 8
3  5 13 6
3  5 12 13
3  6 15 7
3  6 13 14
3  6 14 15
4  7 15 16 8
3  8 10 9
3  8 16 10
3  9 10 17
3  9 17 18
3  10 16 17
3  11 20 12
4  12 20 21 13
3  13 23 14
3  13 21 22
3  13 22 23
4  14 23 24 15
3  15 19 16
3  15 24 19
3  16 26 17
3  16 19 25
3  16 25 26
3  17 27 18
3  17 26 27
3  18 27 28
3  19 24 25
4  21 30 31 22
4  22 31 32 23
3  23 29 24
3  23 32 29
3  24 29 33
3  24 33 25
3  25 35 26
3  25 33 34
3  25 34 35
3  26 36 27
3  26 35 36
3  27 37 28
4  27 36 45 37
3  29 32 33
4  30 38 39 31
3  31 39 32
3  32 41 33
3  32 40 41
3  32 39 40
3  33 42 34
3  33 41 42
3  34 42 35
3  35 44 36
3  35 42 43
3  35 43 44
3  36 44 45
3  37 45 46
4  38 47 48 39
4  39 48 49 40
4  40 49 50 41
4  41 50 51 42
3  42 52 43
3  42 51 52
3  43 52 44
3  44 54 45
3  44 52 53
3  44 53 54
3  45 55 46
4  45 54 56 55
5  49 57 58 51 50
4  51 58 59 52
4  52 59 60 53
5  53 60 61 56 54
3  55 56 62
3  56 61 62
4  58 64 65 59
4  59 65 63 60
3  60 63 61
4  61 63 66 62
3  62 66 67
3  63 65 66
3  65 68 66
3  66 68 69
