71
0/1 7/24
1/6 2/3
1/6 17/24
3/16 11/16
5/24 7/24
5/24 3/8
5/24 5/12
5/24 1/2
5/24 2/3
5/24 17/24
11/48 17/48
11/48 11/16
1/4 1/3
1/4 3/8
1/4 2/3
1/4 17/24
13/48 17/48
13/48 11/16
7/24 7/24
7/24 5/12
7/24 1/2
7/24 2/3
7/24 17/24
5/16 29/48
1/3 7/24
1/3 5/12
1/3 11/24
1/3 1/2
1/3 13/24
1/3 7/12
1/3 5/8
1/3 2/3
17/48 9/16
17/48 31/48
3/8 1/2
3/8 7/12
3/8 5/8
3/8 2/3
3/8 17/24
19/48 25/48
19/48 11/16
5/12 1/2
5/12 13/24
5/12 7/12
5/12 5/8
5/12 2/3
7/16 25/48
7/16 9/16
11/24 11/24
11/24 13/24
11/24 7/12
11/24 5/8
11/24 2/3
11/24 17/24
23/48 29/48
1/2 5/8
13/24 1/24
13/24 1/12
13/24 7/24
13/24 11/24
13/24 2/3
7/12 0/1
7/12 1/24
7/12 1/12
7/12 5/8
5/8 1/24
5/8 7/24
5/8 3/8
5/8 5/8
5/8 2/3
5/8 17/24
78
5  0 4 5 6 7
3  1 3 2
3  1 8 3
3  2 3 9
3  3 8 9
4  4 12 10 5
3  4 18 12
3  5 10 13
4  5 13 19 6
3  6 20 7
5  6 19 26 27 20
4  7 23 14 8
5  7 20 28 29 23
3  8 11 9
3  8 14 11
3  9 11 15
4  10 12 16 13
4  11 14 17 15
4  12 18 24 16
4  13 16 25 19
4  14 23 30 21
3  14 21 17
3  15 17 22
7  16 24 58 59 48 41 25
4  17 21 31 22
4  18 56 57 24
3  19 25 26
3  20 27 28
3  21 30 31
3  22 31 38
3  23 29 30
3  24 57 58
4  25 41 34 26
3  26 34 27
5  27 34 39 32 28
3  28 32 29
4  29 32 35 30
3  30 33 31
5  30 35 43 36 33
3  31 33 37
3  31 37 38
4  32 39 42 35
3  33 36 37
3  34 41 39
3  35 42 43
3  36 43 44
3  36 44 37
3  37 40 38
3  37 44 45
3  37 45 40
5  38 40 45 52 53
3  39 41 42
3  41 46 42
4  41 48 49 46
3  42 47 43
4  42 46 49 47
3  43 47 50
3  43 50 44
3  44 50 51
3  44 51 45
3  45 51 52
3  47 49 50
3  48 59 49
3  50 54 51
3  51 54 55
4  51 55 60 52
5  52 60 69 70 53
3  55 64 60
3  56 62 57
3  56 61 62
5  57 63 65 66 58
3  57 62 63
3  58 67 59
3  58 66 67
3  60 64 69
3  61 65 62
3  62 65 63
3  64 68 69
