76
0/1 1/6
0/1 5/24
1/24 1/6
1/6 1/24
5/24 1/24
5/24 1/12
1/4 1/24
1/4 1/8
1/4 1/4
1/4 7/24
7/24 1/12
7/24 1/8
7/24 1/6
7/24 5/24
5/16 3/16
1/3 1/24
1/3 1/12
1/3 1/8
1/3 1/6
1/3 5/24
17/48 7/48
3/8 0/1
3/8 1/24
3/8 1/12
3/8 1/8
3/8 1/6
3/8 5/24
3/8 1/4
3/8 7/24
19/48 3/16
5/12 1/24
5/12 1/12
5/12 1/8
5/12 1/6
5/12 5/24
5/12 1/4
5/12 7/24
11/24 1/24
11/24 1/12
11/24 1/8
11/24 1/6
11/24 1/4
11/24 7/24
11/24 1/3
11/24 3/8
23/48 1/16
23/48 5/48
23/48 7/48
23/48 17/48
1/2 1/24
1/2 1/12
1/2 1/8
1/2 1/6
1/2 1/4
1/2 7/24
1/2 1/3
1/2 3/8
1/2 5/12
25/48 1/16
25/48 5/48
13/24 1/24
13/24 1/12
13/24 1/8
13/24 1/6
13/24 5/24
13/24 1/4
13/24 7/24
13/24 5/12
9/16 1/16
7/12 1/6
7/12 5/24
7/12 1/4
29/48 11/48
5/8 5/24
2/3 1/8
2/3 1/6
97
3  0 2 1
5  1 2 12 14 13
5  2 3 5 7 12
3  3 4 5
3  4 6 5
3  5 10 7
3  5 6 10
3  6 15 10
3  7 11 12
3  7 10 11
4  8 27 28 9
4  8 13 19 27
3  10 17 11
3  10 16 17
3  10 15 16
4  11 17 18 12
3  12 18 14
3  13 14 19
3  14 18 19
4  15 22 23 16
3  15 21 22
4  16 23 24 17
3  17 20 18
3  17 24 20
3  18 25 19
3  18 20 25
3  19 26 27
3  19 25 26
3  20 24 25
3  21 30 22
4  22 30 31 23
3  23 31 24
3  24 32 25
3  24 31 32
3  25 29 26
3  25 33 29
3  25 32 33
3  26 34 27
3  26 29 34
3  27 36 28
3  27 35 36
3  27 34 35
3  29 33 34
3  30 37 31
3  31 38 32
3  31 37 38
3  32 39 33
3  32 38 39
3  33 40 34
3  33 39 40
4  34 40 41 35
4  35 41 42 36
3  36 42 43
3  37 45 38
3  37 49 45
3  38 46 39
3  38 50 46
3  38 45 50
3  39 47 40
3  39 51 47
3  39 46 51
4  40 52 53 41
3  40 47 52
4  41 53 54 42
5  42 54 55 48 43
3  43 48 44
4  44 48 56 57
3  45 49 50
3  46 50 51
3  47 51 52
3  48 55 56
3  49 58 50
3  49 60 58
3  50 59 51
3  50 61 59
3  50 58 61
3  51 63 52
3  51 62 63
3  51 59 62
4  52 64 65 53
3  52 63 64
4  53 65 66 54
3  54 66 55
4  55 66 67 56
3  56 67 57
3  58 60 61
3  59 61 62
3  60 68 61
3  62 69 63
4  62 74 75 69
3  63 70 64
5  63 69 73 72 70
3  64 71 65
3  64 70 71
3  65 71 66
3  69 75 73
3  70 72 71
