58
0/1 1/4
0/1 7/24
0/1 1/3
1/24 0/1
1/24 1/12
1/24 5/24
1/24 1/4
1/24 1/3
1/24 3/8
1/16 11/48
1/16 17/48
1/12 5/24
1/12 1/4
1/12 7/24
1/12 1/3
1/12 3/8
1/12 5/12
5/48 19/48
1/8 0/1
1/8 1/12
1/8 1/6
1/8 5/24
1/8 1/4
1/8 7/24
1/8 1/3
1/8 3/8
7/48 5/16
7/48 23/48
1/6 5/24
1/6 1/4
1/6 7/24
1/6 1/3
1/6 3/8
1/6 11/24
3/16 17/48
5/24 1/4
5/24 1/3
5/24 3/8
11/48 17/48
11/48 19/48
1/4 7/24
1/4 1/3
1/4 3/8
7/24 1/12
7/24 1/4
7/24 7/24
7/24 1/3
7/24 3/8
7/24 11/24
1/3 0/1
1/3 1/12
1/3 5/24
1/3 1/4
1/3 7/24
3/8 1/12
3/8 1/4
3/8 1/3
3/8 3/8
74
3  0 6 1
3  1 7 2
4  1 6 12 13
4  1 13 14 7
4  2 7 10 8
3  3 19 4
3  3 18 19
5  4 20 21 11 5
3  4 19 20
3  5 11 9
3  6 9 12
3  7 14 10
3  8 10 15
3  8 15 16
3  9 11 12
3  10 14 15
3  11 22 12
3  11 21 22
3  12 23 13
3  12 22 23
3  13 23 14
3  14 23 24
3  14 24 15
3  15 17 16
3  15 24 25
3  15 25 17
4  16 17 33 27
4  17 25 32 33
5  18 49 50 43 19
5  19 44 35 28 20
3  19 43 44
3  20 28 21
4  21 28 29 22
3  22 30 23
3  22 29 30
3  23 26 24
3  23 30 26
3  24 26 31
3  24 31 25
3  25 31 32
3  26 30 31
3  28 35 29
4  29 35 40 30
3  30 36 31
3  30 40 36
3  31 34 32
3  31 36 34
3  32 34 37
4  32 37 39 33
3  33 39 48
3  34 36 37
3  35 44 40
3  36 38 37
3  36 40 41
4  36 41 42 38
3  37 38 42
3  37 42 39
4  39 42 47 48
3  40 46 41
3  40 44 45
3  40 45 46
3  41 46 42
3  42 46 47
4  43 50 51 44
3  44 53 45
3  44 52 53
3  44 51 52
3  45 53 46
3  46 53 56
4  46 56 57 47
3  47 57 48
4  50 54 55 51
3  51 55 52
3  52 55 53
