68
0/1 1/6
0/1 5/24
0/1 1/4
0/1 7/24
1/24 1/6
1/24 1/4
1/12 1/24
1/12 7/24
1/8 0/1
1/8 1/24
1/8 1/12
1/8 1/6
1/8 5/24
1/8 1/4
1/8 7/24
1/8 1/3
1/8 3/8
1/8 5/12
1/8 11/24
7/48 1/48
7/48 13/48
7/48 5/16
7/48 7/16
1/6 0/1
1/6 1/24
1/6 1/12
1/6 1/6
1/6 5/24
1/6 1/4
1/6 7/24
1/6 1/3
1/6 3/8
1/6 5/12
3/16 11/48
3/16 17/48
5/24 1/12
5/24 1/6
5/24 5/24
5/24 1/4
5/24 7/24
5/24 1/3
5/24 3/8
11/48 3/16
11/48 17/48
1/4 1/6
1/4 5/24
1/4 1/4
1/4 7/24
1/4 3/8
1/4 5/12
1/4 11/24
7/24 1/8
7/24 1/6
7/24 1/4
7/24 7/24
7/24 1/3
7/24 3/8
7/24 5/12
1/3 1/8
1/3 1/6
1/3 5/24
1/3 7/24
1/3 3/8
17/48 3/16
3/8 1/8
3/8 1/6
3/8 1/3
7/16 13/48
82
3  0 4 1
3  1 5 2
4  1 4 11 12
4  1 12 13 5
4  2 5 7 3
3  4 10 11
4  5 13 14 7
3  6 9 10
3  6 8 9
3  7 14 15
3  8 19 9
3  8 23 19
3  9 24 10
3  9 19 24
4  10 25 26 11
3  10 24 25
3  11 27 12
3  11 26 27
3  12 27 13
3  13 20 14
3  13 27 28
3  13 28 20
3  14 21 15
3  14 20 29
3  14 29 21
3  15 31 16
3  15 21 30
3  15 30 31
3  16 31 17
6  17 22 32 49 50 18
3  17 31 32
3  17 32 22
7  19 23 51 44 36 35 24
3  20 28 29
4  21 29 40 30
3  24 35 25
4  25 35 36 26
3  26 36 27
3  27 33 28
3  27 36 37
3  27 37 33
3  28 33 38
3  28 38 29
3  29 38 39
3  29 39 40
3  30 34 31
3  30 40 34
3  31 34 41
3  31 41 32
4  32 41 48 49
3  33 37 38
3  34 40 41
4  36 44 42 37
4  37 45 46 38
3  37 42 45
3  38 47 39
3  38 46 47
3  39 47 40
3  40 43 41
5  40 47 48 41 43
5  42 44 52 53 45
3  44 51 52
3  45 53 46
3  46 53 47
4  47 55 56 48
3  47 53 54
3  47 54 55
4  48 56 57 49
3  49 57 50
3  51 59 52
3  51 58 59
4  52 59 60 53
3  53 61 54
3  53 60 61
4  54 61 62 55
3  55 62 56
3  56 62 57
4  58 64 65 59
3  59 63 60
3  59 65 63
5  60 63 67 66 61
3  61 66 62
