51
0/1 7/24
0/1 1/3
1/8 1/6
1/8 7/24
1/8 1/3
1/6 7/24
5/24 1/4
11/48 5/16
1/4 0/1
1/4 1/6
1/4 5/24
1/4 7/24
1/4 1/3
1/4 11/24
7/24 1/6
7/24 1/4
7/24 7/24
7/24 1/3
7/24 3/8
7/24 11/24
1/3 1/6
1/3 5/24
1/3 7/24
1/3 1/3
1/3 3/8
1/3 5/12
17/48 3/16
17/48 17/48
17/48 19/48
3/8 1/6
3/8 5/24
3/8 1/4
3/8 7/24
3/8 1/3
3/8 3/8
3/8 5/12
5/12 1/6
5/12 1/4
5/12 7/24
5/12 1/3
5/12 5/12
7/16 13/48
7/16 5/16
11/24 0/1
11/24 1/6
11/24 1/4
11/24 7/24
11/24 5/12
13/24 1/6
7/12 1/8
7/12 1/6
55
3  0 2 3
4  0 3 4 1
4  2 6 5 3
4  2 9 10 6
3  3 5 4
3  5 6 11
3  6 10 11
3  7 11 12
8  8 43 44 36 29 20 14 9
3  9 14 10
4  10 14 15 11
3  11 17 12
3  11 15 16
3  11 16 17
4  12 18 19 13
3  12 17 18
3  14 21 15
3  14 20 21
4  15 21 22 16
3  16 23 17
3  16 22 23
4  17 24 25 18
3  17 23 24
3  18 25 19
3  20 26 21
3  20 29 26
4  21 31 32 22
4  21 26 30 31
4  22 32 33 23
3  23 27 24
3  23 33 27
3  24 28 25
3  24 27 34
3  24 34 28
4  25 28 34 35
3  26 29 30
3  27 33 34
4  29 36 37 30
4  30 37 38 31
3  31 38 32
3  32 38 33
3  33 39 34
3  33 38 39
4  34 39 40 35
5  36 44 45 41 37
3  37 41 38
3  38 42 39
3  38 46 42
3  38 41 46
5  39 42 46 47 40
3  41 45 46
4  43 49 48 44
3  44 48 45
4  45 48 50 46
3  48 49 50
