71
0/1 1/8
0/1 5/24
1/12 5/24
1/8 1/4
1/6 1/8
1/6 5/24
1/6 1/4
5/24 1/12
5/24 1/8
5/24 1/6
5/24 5/24
5/24 1/4
1/4 0/1
1/4 1/24
1/4 1/12
1/4 1/8
1/4 1/6
1/4 5/24
1/4 1/4
13/48 7/48
7/24 0/1
7/24 1/24
7/24 1/12
7/24 1/8
7/24 1/6
7/24 5/24
7/24 1/4
5/16 5/48
5/16 7/48
5/16 3/16
1/3 1/24
1/3 1/12
1/3 1/8
1/3 1/6
1/3 5/24
1/3 1/4
3/8 1/12
3/8 1/8
3/8 1/6
3/8 5/24
5/12 1/12
5/12 1/8
5/12 1/6
5/12 5/24
5/12 1/4
11/24 1/6
11/24 5/24
23/48 3/16
1/2 1/24
1/2 1/12
1/2 1/8
1/2 1/6
1/2 5/24
1/2 1/4
1/2 1/3
25/48 11/48
13/24 1/24
13/24 1/12
13/24 1/8
13/24 5/24
13/24 1/4
7/12 1/12
7/12 1/8
7/12 1/6
7/12 1/4
7/12 1/3
5/8 1/8
5/8 5/24
5/8 1/4
2/3 1/4
17/24 5/24
80
3  0 2 1
4  0 4 5 2
3  2 5 3
3  3 5 6
4  4 8 9 5
3  5 11 6
3  5 9 10
4  5 10 17 11
4  7 14 15 8
3  8 15 9
3  9 16 10
3  9 15 16
3  10 16 17
3  11 17 18
4  12 20 21 13
4  13 21 22 14
3  14 22 15
3  15 19 16
3  15 23 19
3  15 22 23
3  16 24 17
3  16 19 24
3  17 25 18
3  17 24 25
3  18 25 26
3  19 23 24
3  20 30 21
3  21 30 22
3  22 27 23
3  22 31 27
3  22 30 31
4  23 32 28 24
3  23 27 32
3  24 29 25
3  24 33 29
3  24 28 33
4  25 34 35 26
4  25 29 33 34
3  27 31 32
3  28 32 33
3  30 36 31
3  31 36 32
4  32 37 38 33
3  32 36 37
3  33 39 34
3  33 38 39
4  34 39 44 35
3  36 41 37
3  36 40 41
4  37 41 42 38
4  38 42 43 39
3  39 43 44
4  40 49 50 41
3  41 45 42
5  41 50 51 47 45
4  42 45 46 43
3  43 46 44
5  44 46 47 52 53
3  45 47 46
3  47 51 52
4  48 56 57 49
4  49 57 58 50
3  50 58 51
5  51 58 59 55 52
3  52 55 53
5  53 60 64 65 54
3  53 55 60
3  55 59 60
3  56 61 57
4  57 61 62 58
3  58 63 59
3  58 62 63
4  59 63 64 60
3  61 66 62
3  62 66 63
4  63 67 68 64
3  63 66 67
4  64 68 69 65
4  66 70 69 67
3  67 69 68
