71
0/1 1/24
0/1 5/24
1/8 1/3
1/8 11/24
1/6 1/24
1/6 5/24
1/6 1/3
1/6 3/8
1/6 5/12
1/6 11/24
1/6 1/2
3/16 19/48
3/16 7/16
3/16 23/48
5/24 5/24
5/24 1/3
5/24 3/8
5/24 5/12
5/24 11/24
5/24 1/2
11/48 17/48
11/48 23/48
1/4 1/3
1/4 3/8
1/4 5/12
1/4 11/24
1/4 1/2
13/48 13/48
13/48 23/48
7/24 1/24
7/24 1/4
7/24 7/24
7/24 1/3
7/24 5/12
7/24 1/2
1/3 1/24
1/3 1/8
1/3 5/24
1/3 1/4
1/3 7/24
1/3 1/3
1/3 11/24
1/3 1/2
17/48 11/48
17/48 13/48
3/8 1/6
3/8 5/24
3/8 1/4
3/8 1/3
3/8 1/2
19/48 3/16
5/12 1/24
5/12 1/6
5/12 5/24
5/12 1/4
5/12 7/24
5/12 1/3
5/12 3/8
11/24 0/1
11/24 1/24
11/24 1/8
11/24 1/6
11/24 5/24
11/24 1/4
11/24 1/3
11/24 3/8
11/24 5/12
11/24 1/2
1/2 1/24
1/2 1/8
13/24 1/3
84
4  0 4 5 1
4  1 5 6 2
5  2 7 8 9 3
3  2 6 7
3  3 9 10
6  4 29 30 27 14 5
4  5 14 15 6
3  6 15 7
3  7 11 8
4  7 15 16 11
3  8 12 9
3  8 11 17
3  8 17 12
3  9 13 10
3  9 12 18
3  9 18 13
3  10 13 19
3  11 16 17
3  12 17 18
3  13 18 19
3  14 27 15
3  15 20 16
4  15 27 31 22
3  15 22 20
4  16 20 23 17
3  17 25 18
3  17 23 24
3  17 24 25
3  18 21 19
3  18 25 21
3  19 21 26
3  20 22 23
4  21 25 28 26
3  22 31 32
3  22 32 23
3  23 33 24
3  23 32 33
5  24 33 34 28 25
3  26 28 34
3  27 30 31
5  29 35 36 37 30
4  30 37 38 31
4  31 38 39 32
3  32 39 40
4  32 40 41 33
4  33 41 42 34
3  35 51 36
3  36 45 37
4  36 51 52 45
3  37 43 38
3  37 46 43
3  37 45 46
3  38 44 39
4  38 43 47 44
3  39 48 40
4  39 44 56 48
7  40 48 57 65 66 49 41
3  41 49 42
3  43 46 47
4  44 47 55 56
3  45 50 46
3  45 52 50
3  46 53 47
3  46 50 53
3  47 54 55
3  47 53 54
3  48 56 57
3  49 66 67
3  50 52 53
4  51 59 60 52
3  51 58 59
3  52 61 53
3  52 60 61
3  53 63 54
3  53 62 63
3  53 61 62
4  54 63 64 55
3  55 64 56
3  56 65 57
3  56 64 65
4  59 68 69 60
3  60 69 61
3  63 70 64
4  64 70 66 65
