67
0/1 1/2
0/1 2/3
1/12 5/12
1/8 1/8
1/8 1/4
1/6 1/12
1/6 1/8
1/6 1/4
1/6 5/12
1/6 1/2
1/6 2/3
5/24 0/1
5/24 1/24
5/24 1/12
5/24 1/8
5/24 1/6
5/24 5/24
5/24 1/4
5/24 1/3
5/24 5/12
5/24 11/24
5/24 1/2
11/48 3/16
1/4 0/1
1/4 1/24
1/4 1/12
1/4 1/8
1/4 1/6
1/4 5/24
1/4 1/4
1/4 1/3
1/4 5/12
1/4 11/24
1/4 1/2
13/48 5/48
7/24 0/1
7/24 1/24
7/24 1/12
7/24 1/8
7/24 5/24
7/24 1/4
7/24 1/3
7/24 3/8
7/24 5/12
7/24 11/24
5/16 1/16
1/3 1/24
1/3 1/12
1/3 1/8
1/3 5/24
1/3 1/4
1/3 7/24
1/3 1/3
1/3 5/12
1/3 11/24
1/3 1/2
17/48 5/16
3/8 1/12
3/8 1/8
3/8 5/24
3/8 1/3
5/12 1/8
5/12 5/24
5/12 1/4
1/2 1/3
1/2 11/24
1/2 1/2
73
3  0 2 9
4  0 9 10 1
3  2 8 9
4  3 6 7 4
3  3 5 6
4  5 13 14 6
3  5 12 13
5  6 14 15 16 7
3  7 16 17
5  7 17 18 19 8
4  8 19 20 9
3  9 20 21
5  9 21 33 55 10
3  11 23 12
3  12 25 13
3  12 24 25
3  12 23 24
4  13 25 26 14
3  14 26 15
3  15 22 16
4  15 26 27 22
5  16 22 28 29 17
4  17 29 30 18
4  18 30 31 19
3  19 31 20
3  20 31 32
4  20 32 33 21
3  22 27 28
3  23 36 24
3  23 35 36
4  24 36 37 25
3  25 34 26
3  25 37 34
3  26 38 27
3  26 34 38
5  27 38 39 40 28
3  28 40 29
4  29 40 41 30
4  30 42 43 31
3  30 41 42
3  31 44 32
3  31 43 44
3  32 44 33
3  33 44 55
3  34 37 38
4  35 46 45 36
3  36 45 37
3  37 47 38
3  37 45 47
4  38 48 49 39
3  38 47 48
4  39 49 50 40
4  40 51 52 41
3  40 50 51
3  41 52 42
3  42 53 43
3  42 52 53
3  43 53 44
3  44 53 54
3  44 54 55
3  45 46 47
3  46 57 47
4  47 57 58 48
4  48 58 59 49
6  49 59 63 56 51 50
3  51 56 52
5  52 60 65 54 53
3  52 56 60
4  54 65 66 55
3  57 61 58
4  58 61 62 59
3  59 62 63
3  60 64 65
