61
0/1 5/24
0/1 5/12
0/1 1/2
1/12 5/12
5/48 19/48
1/8 0/1
1/8 1/12
1/8 1/3
1/8 3/8
1/8 5/12
7/48 17/48
7/48 7/16
1/6 0/1
1/6 1/24
1/6 1/4
1/6 1/3
1/6 3/8
1/6 5/12
1/6 11/24
1/6 1/2
1/6 2/3
3/16 19/48
5/24 0/1
5/24 1/4
5/24 7/24
5/24 1/3
5/24 3/8
5/24 5/12
5/24 1/2
5/24 2/3
1/4 1/4
1/4 7/24
1/4 1/3
7/24 7/24
7/24 3/8
7/24 5/12
7/24 11/24
5/16 19/48
1/3 1/4
1/3 7/24
1/3 3/8
1/3 5/12
1/3 11/24
17/48 7/48
17/48 7/16
3/8 0/1
3/8 1/6
3/8 5/24
3/8 1/4
3/8 7/24
3/8 1/3
3/8 3/8
3/8 5/12
19/48 3/16
5/12 0/1
5/12 5/24
5/12 1/4
5/12 7/24
5/12 3/8
5/12 5/12
11/24 1/4
62
6  0 7 8 4 3 1
3  0 6 7
3  1 3 2
6  2 3 9 11 18 19
3  2 19 20
3  3 4 9
3  4 8 9
4  5 12 13 6
6  6 13 14 15 10 7
3  7 10 8
5  8 10 16 17 9
3  9 17 11
3  10 15 16
3  11 17 18
3  12 22 13
4  13 22 23 14
3  14 24 15
3  14 23 24
3  15 24 25
5  15 25 26 21 16
3  16 21 17
3  17 21 27
4  17 27 28 18
3  18 28 19
4  19 28 29 20
3  21 26 27
4  22 43 30 23
4  22 45 46 43
3  23 30 24
4  24 32 26 25
3  24 30 31
4  24 31 33 32
5  26 32 34 35 27
3  27 35 28
3  30 33 31
3  30 38 33
5  30 43 46 47 38
5  32 33 39 40 34
4  33 38 48 39
3  34 37 35
3  34 40 37
3  35 37 41
3  35 41 36
3  36 41 42
3  37 40 41
3  38 47 48
4  39 49 50 40
3  39 48 49
3  40 50 51
4  40 51 52 41
3  41 44 42
3  41 52 44
5  45 54 55 53 46
3  46 53 47
5  47 53 55 56 48
3  48 57 49
3  48 56 57
3  49 57 50
4  50 57 58 51
3  51 58 52
3  52 58 59
4  55 60 57 56
