60
0/1 0/1
0/1 1/6
1/24 1/6
1/24 5/24
1/24 1/4
1/12 1/6
1/12 5/24
1/12 1/4
1/8 5/24
1/8 1/4
1/8 7/24
1/6 1/6
1/6 1/4
1/6 1/3
1/6 3/8
5/24 0/1
5/24 1/6
5/24 5/24
5/24 1/4
5/24 7/24
5/24 3/8
5/24 5/12
11/48 19/48
1/4 1/4
1/4 3/8
1/4 5/12
13/48 17/48
7/24 1/3
7/24 3/8
7/24 5/12
7/24 11/24
5/16 5/16
1/3 7/24
1/3 1/3
1/3 3/8
1/3 5/12
1/3 13/24
3/8 0/1
3/8 1/6
3/8 5/24
3/8 1/4
3/8 7/24
3/8 1/3
3/8 3/8
3/8 5/12
3/8 11/24
3/8 13/24
3/8 7/12
5/12 5/24
5/12 1/4
5/12 7/24
5/12 1/3
5/12 5/12
11/24 1/6
11/24 1/4
11/24 7/24
11/24 5/12
11/24 13/24
11/24 7/12
23/48 13/48
69
4  0 15 16 11
5  0 11 5 2 1
3  1 2 3
4  2 5 6 3
3  3 7 4
3  3 6 7
5  4 7 10 13 14
3  5 8 6
4  5 11 17 8
3  6 8 7
3  7 8 9
3  7 9 10
3  8 12 9
4  8 17 18 12
3  9 12 10
3  10 12 13
3  11 16 17
4  12 19 20 13
3  12 18 19
3  13 20 14
3  14 20 21
3  15 38 16
3  15 37 38
4  16 38 39 17
3  17 23 18
4  17 39 40 23
6  18 23 31 27 26 19
4  19 26 24 20
3  20 22 21
3  20 24 22
3  21 22 25
5  21 25 30 35 36
4  22 24 28 25
4  23 40 32 31
3  24 26 28
3  25 28 29
4  25 29 35 30
3  26 27 28
3  27 31 33
3  27 33 28
3  28 35 29
3  28 33 34
3  28 34 35
3  31 32 33
3  32 41 33
3  32 40 41
3  33 43 34
3  33 42 43
3  33 41 42
3  34 43 35
4  35 45 46 36
3  35 43 44
3  35 44 45
3  36 46 47
3  38 48 39
4  38 53 54 48
3  39 48 40
4  40 48 49 41
4  41 50 51 42
3  41 49 50
3  42 51 43
4  43 51 52 44
3  45 57 46
4  46 57 58 47
3  48 54 49
4  49 54 55 50
3  50 55 51
4  51 55 56 52
3  54 59 55
