48
0/1 7/48
1/48 1/12
1/48 1/8
1/48 1/6
1/48 1/3
1/48 5/12
1/16 0/1
1/16 1/12
1/16 1/8
1/16 1/6
1/16 5/24
1/16 7/24
1/12 3/16
5/48 1/24
5/48 1/12
5/48 1/8
5/48 1/6
5/48 5/24
5/48 1/4
7/48 1/12
7/48 1/8
7/48 1/6
7/48 5/24
7/48 1/4
7/48 7/24
7/48 1/3
1/6 5/48
1/6 5/16
3/16 1/12
3/16 1/8
3/16 1/6
3/16 5/24
3/16 1/4
3/16 7/24
3/16 1/3
11/48 1/12
11/48 1/8
11/48 1/6
11/48 5/24
11/48 1/4
13/48 5/24
13/48 7/24
13/48 1/3
13/48 5/12
17/48 1/12
17/48 1/8
17/48 7/24
17/48 1/3
58
3  0 2 3
3  1 7 2
3  2 9 3
3  2 7 8
3  2 8 9
6  3 10 11 24 25 4
3  3 9 10
5  4 25 34 43 5
3  6 13 7
3  7 13 14
4  7 14 15 8
3  8 15 9
3  9 12 10
3  9 15 16
3  9 16 12
4  10 18 24 11
3  10 12 17
3  10 17 18
3  12 16 17
3  13 19 14
3  14 19 15
3  15 19 20
3  15 20 16
3  16 20 21
4  16 21 22 17
3  17 23 18
3  17 22 23
3  18 23 24
3  19 26 20
4  19 28 29 26
4  20 29 30 21
3  20 26 29
4  21 30 31 22
3  22 31 23
3  23 33 24
3  23 31 32
3  23 32 33
3  24 27 25
3  24 33 27
3  25 27 34
3  27 33 34
4  28 35 36 29
3  29 37 30
3  29 36 37
3  30 37 31
3  31 37 38
4  31 38 39 32
3  32 39 33
4  33 39 40 41
4  33 41 42 34
3  34 42 43
4  35 44 45 36
4  36 45 40 37
3  37 40 38
3  38 40 39
3  40 46 41
4  41 46 47 42
3  42 47 43
