57
0/1 1/12
0/1 1/8
1/24 1/8
1/24 1/6
1/24 1/3
1/12 1/8
1/12 1/6
1/12 5/24
1/8 1/12
1/8 1/6
7/48 13/48
1/6 1/24
1/6 1/12
1/6 1/8
1/6 1/6
1/6 5/24
1/6 1/4
1/6 7/24
1/6 1/3
3/16 5/48
3/16 11/48
3/16 5/16
5/24 0/1
5/24 1/24
5/24 1/12
5/24 1/8
5/24 1/6
5/24 5/24
5/24 1/4
5/24 7/24
5/24 1/3
11/48 3/16
11/48 13/48
1/4 1/8
1/4 1/6
1/4 5/24
1/4 1/4
1/4 7/24
13/48 7/48
13/48 3/16
13/48 11/48
7/24 0/1
7/24 1/24
7/24 1/12
7/24 1/8
7/24 1/6
7/24 5/24
7/24 1/4
7/24 7/24
7/24 1/3
5/16 3/16
5/16 11/48
1/3 1/12
1/3 1/8
1/3 1/6
1/3 5/24
1/3 1/3
72
5  0 8 5 2 1
3  1 2 3
4  2 5 6 3
6  3 7 10 17 18 4
3  3 6 7
3  5 9 6
4  5 8 12 13
3  5 13 9
4  6 9 15 7
4  7 15 16 10
3  8 11 12
3  9 13 14
3  9 14 15
3  10 16 17
3  11 24 12
3  11 23 24
3  11 22 23
3  12 19 13
3  12 24 19
4  13 25 26 14
3  13 19 25
4  14 26 27 15
3  15 20 16
3  15 27 20
3  16 20 28
5  16 28 29 21 17
3  17 21 18
3  19 24 25
3  20 27 28
3  21 29 30
4  22 41 42 23
4  23 42 43 24
3  24 33 25
4  24 43 44 33
3  25 34 26
3  25 33 34
3  26 31 27
3  26 34 31
3  27 35 28
3  27 31 35
3  28 32 29
3  28 35 36
3  28 36 32
3  29 32 37
3  29 37 30
3  31 34 35
3  32 36 37
3  33 38 34
3  33 44 38
3  34 39 35
3  34 45 39
3  34 38 45
3  35 40 36
3  35 46 40
3  35 39 46
3  36 47 37
3  36 40 47
3  37 47 48
3  37 48 49
3  38 44 45
3  39 45 46
3  40 46 47
3  43 52 44
4  44 54 50 45
3  44 53 54
3  44 52 53
3  45 50 46
3  46 51 47
3  46 55 51
3  46 50 55
6  47 51 55 56 49 48
3  50 54 55
