84
133/116 -7/29
123977/104400 -23777/139200
10003/8294 -766/4147
2492/2059 -372/2059
24672575123/20348021100 -19689923/154151675
1120807/909150 -31029/151525
75271483/60972500 -46620249/243890000
254037437143/205435275000 -3763436722/25679409375
4121747/3325894 -254526/1662947
125280570229144477/101059427003636400 -876829699939054/6316214187727275
39609843176251/31948827843750 -793747080447/5324804640625
8913225390587/7185456693750 -172179144264/1197576115625
44617284045451/35952518566950 -835098758997/5992086427825
12705156853837/10231947656250 -228024329514/1705324609375
2103407663/1693815876 -191381831/1270361907
18945913666057/15222939422400 -1205833816471/8562903425100
475616/380625 -25079/126875
78084881/62474700 -1339957/9371205
1771/1416 -117/1888
1309/1044 -64/1131
568348/452733 -8824/150911
44/35 -2/35
8891933341753/7021443750000 -10526962402/146280078125
99697936184/78417905619 -1556075862/26139301873
9021863/7083975 -184306/7083975
2146501/1683015 -119840/1009809
427036014244/333929784849 -4550924722/111309928283
55950570800082913423/43618234229934348975 -1356266481674486186/43618234229934348975
41315677/32190000 -245811/1341250
21965725035203/17069751114600 -112438714329/711239629775
1508756489/1171400625 -53111011/1561867500
29183/22591 -2328/22591
220192357/170193750 -2991704/28365625
505904/390833 -117892/1172499
24259543/18672288 -49953/778012
6181/4756 53/2378
62278047587/47911356750 515288062/23955678375
20226278194661/15554065970325 349337904298/15554065970325
425189821/326678946 49612862/3103449987
3101692782145549/2381922341402925 -99696486315268/2381922341402925
19940874079/15298877500 220547561/7649438750
14943798779/11461871550 163907566/5730935775
102510239174281379/78624152928316425 2251160325680722/78624152928316425
177242193710374149110920999/135931092549391017336227100 326607100888696288165458/11327591045782584778018925
402186013210702427/308391318928986150 40589270019899782/1387760935180437675
203124959051/155709609375 69194656642/2958482578125
34839572/26699187 -189836/8899729
869895633185118239/666064259738433750 9049043658562126/333032129869216875
4662113339219/3569437903125 97846354642/3569437903125
899385332665090915464019031581/688292857964895392195673472500 31428277662969547207886435346/1089797025111084370976482998125
17945703502585465820413495036343/13732201803237603443228308593750 601434808047382091660897658986/20598302704856405164842462890625
313187/239562 -344/119781
302336542389424161283/231203054455165523750 32546643295868043598/1040413745048244856875
150631831/114985000 1415879/57492500
46880556891007/35762350826250 430343946488/17881175413125
36711946/28003125 695828/28003125
80/61 -1/61
1066448838250092841532803157/813137591126394377792332500 1954829666463858999926598/67761465927199531482694375
1670617308014241641794645451/1273765596878639582675390625 37080520823543598776216668/1273765596878639582675390625
3970476440698961731545418354301141/3026816562321878297580007560313125 92891218986038545667596126498588/3026816562321878297580007560313125
9701962197039991/7393718917641250 375891050791832/11090578376461875
147448209740104/111937889543125 4119663591697/111937889543125
2469292845631591018562081363/1871898265701112420289355000 4838224912919854843548807/155991522141759368357446250
50129323913446403396852297306251/37987694707869589509771975210000 93555622926550353945967090089/3165641225655799125814331267500
72909878192936936424618409127/55242453549602702863029750000 133310615813423557495456053/4603537795800225238585812500
400754472957200506593757/303637187545263380832500 2191196315482574719994/75909296886315845208125
61208106709/46272679125 -2463979307/46272679125
147308288933411823/111297096845735725 40522280786148311/1001673871611621525
2758053514/2082761875 32407327/2082761875
2180727497703153617771/1646690984047445347500 3962384499907252369/137224248670620445625
77/58 -2/29
55016/41361 -33/13787
61702021487431454912390142899/46235823695724144430882363800 383146103235199134646048363/11558955923931036107720590950
33123656/24712495 130247/24712495
8240922007741/6094150811325 -141328072129/2031383603775
2729994016/2011385625 12036629/670461875
988/725 -266/725
32849470151/23528919450 -795101147/3921486575
9256/6525 -589/2175
3412916400409351610084/2383388707313631707115 58766197664460666816/794462902437877235705
8/5 1/5
49060348365779269/30651216542539375 18422591409682751/91953649627618125
763902208091093723286819/471502518432251851167500 54034051762395581664769/353626888824188888375625
15220103/7083975 -3614251/7083975
83
3  0 2 1
3  0 5 2
5  0 76 78 16 5
6  1 3 8 10 7 4
3  1 2 3
4  2 5 6 3
3  3 6 8
4  4 9 13 18
3  4 7 9
3  5 16 6
5  6 16 28 14 8
4  7 11 12 9
3  7 10 11
3  8 14 10
3  9 12 13
5  10 14 17 15 11
3  11 15 12
6  12 15 25 31 22 13
4  13 22 20 18
4  14 28 29 17
3  15 17 25
5  16 78 77 29 28
4  17 29 32 25
3  18 20 19
7  19 21 26 27 24 36 35
3  19 20 21
4  20 22 23 21
3  21 23 26
5  22 31 33 34 23
5  23 34 39 30 26
4  24 27 38 36
3  25 32 31
3  26 30 27
5  27 30 46 51 38
7  29 77 74 66 70 33 32
3  30 39 46
3  31 32 33
3  33 70 34
4  34 70 66 39
4  35 37 41 40
3  35 36 37
4  36 38 45 37
4  37 45 47 41
5  38 51 54 53 45
4  39 66 56 46
3  40 43 44
3  40 42 43
3  40 41 42
4  41 47 48 42
4  42 48 49 43
4  43 49 50 44
3  44 50 52
3  45 53 47
3  46 56 51
4  47 53 55 48
4  48 55 57 49
4  49 57 58 50
4  50 58 59 52
5  51 56 71 68 54
3  52 59 60
3  53 54 55
5  54 68 65 57 55
4  56 66 74 71
4  57 65 64 58
4  58 64 63 59
4  59 63 62 60
3  60 62 61
3  61 62 69
3  61 69 67
3  62 63 69
3  63 64 69
3  64 65 69
6  65 68 73 75 72 69
3  67 69 72
4  67 72 79 80
3  68 71 73
4  71 74 83 73
3  72 75 79
3  73 83 75
3  74 77 83
5  75 83 81 82 79
3  79 82 80
3  80 82 81
