54
2580251827/7834525852 1281983491/1958631463
34987818379/81249255686 15723163513/40624627843
241/493 115/493
114555506/225597583 41337145/225597583
103126703/197093649 9357205/65697883
11043279622/21038313213 322592067/2337590357
15933081416756910013/30334235994923274375 1441786452960765878/10111411998307758125
12155758454888514637/23138139699387115071 1110761305439869070/7712713233129038357
35119850899945591598/66449076088318193689 12426252535291761535/66449076088318193689
29615135157918458282/55962161159660006875 10979037648749088301/55962161159660006875
9/17 5/17
296286417643533789/557866540404938375 123886743652886402/557866540404938375
10808333990168562324/20172796689543963547 5761684702652547115/20172796689543963547
3242099513278752552/6045475729925904155 1767527817389513831/6045475729925904155
150060099339588901/279293943335709923 85443177341528390/279293943335709923
17742165268385827825732/32894054368058959393163 10995996575363697835883/32894054368058959393163
91690669/168092600 1758424/21011575
11369/20593 6757/20593
52036523037762173/93007318921936987 9695820633709012/93007318921936987
420354264726821/751248185360725 161173761419353/751248185360725
3249/5765 578/5765
1101603830848971104/1941458456960673625 1387882132363754197/1941458456960673625
4731520/8292323 143957/8292323
931262436/1631978393 317682115/1631978393
33132292186047/57402014759641 10498715449625/57402014759641
12659079765666055/21812078595482507 2942203821930068/21812078595482507
3066529583237980060/5228533110501187857 1028445686331070379/6971377480668250476
839374548501133/1424781041201375 4841290070730012/32769963947631625
32367189866293225/54734186416130489 8622258314379341/54734186416130489
70385/118717 8506/118717
2364756064133/3985401513850 306759110972/1992700756925
863067718803501/1447081526609053 296324568204385/1447081526609053
3/5 1/5
615201789308765/1022457872646869 207945705970661/1022457872646869
269636959440228745/440413010386673689 88340126340882781/440413010386673689
30255147481093773/49247168446022492 2496199393849877/49247168446022492
1372176625237051/2201934336402125 435298900931468/2201934336402125
13179902945662379/21034949190100300 116779384152499/751248185360725
26391855892638179/42095803490040625 6347308445300172/42095803490040625
201942123508867/320733907366925 19987313126906/320733907366925
45/71 19/71
267327615831499935/421412437418719921 27781188024951874/421412437418719921
4139/6445 1833/6445
227/353 8/353
236205/367037 97313/367037
18761/28825 8077/28825
19/29 34/609
278131834078841/416179372779479 38192064432494/416179372779479
3560209496811187/5146612965513553 5620224275132856/36026290758594871
31187955463475/45027099777029 7134204632774/45027099777029
766024732674463/1094962338447547 194299846449817/1094962338447547
21/29 149/609
59052010642601/77715329520075 4183384373806/25905109840025
1/1 1/1
53
3  0 1 21
5  0 21 15 17 53
5  1 2 10 14 15
3  1 15 21
4  2 3 9 11
4  2 11 12 10
3  3 8 9
4  3 4 7 8
3  4 6 7
3  4 5 6
3  5 16 18
5  5 18 25 26 6
5  6 26 28 24 7
4  7 24 23 8
4  8 23 19 9
3  9 19 11
3  10 12 13
3  10 13 14
4  11 19 31 12
5  12 31 33 40 13
5  13 40 42 17 14
3  14 17 15
4  16 22 35 29
4  16 29 20 18
3  17 42 53
3  18 20 25
4  19 23 32 31
7  20 41 47 48 38 27 25
4  20 29 39 41
3  22 43 35
3  23 24 32
5  24 28 34 33 32
3  25 27 26
4  26 27 30 28
4  27 38 37 30
4  28 30 36 34
3  29 35 39
3  30 37 36
3  31 32 33
4  33 34 44 40
5  34 36 50 51 44
4  35 43 46 39
4  36 37 49 50
4  37 38 48 49
3  39 46 41
4  40 44 45 42
3  41 46 47
3  42 45 53
3  44 51 45
3  45 51 53
3  47 52 48
3  48 52 49
3  49 52 50
