60
0/1 0/1
0/1 1/6
1/12 7/24
1/12 1/3
1/12 11/24
1/8 0/1
1/8 1/12
1/8 7/24
1/8 1/3
1/8 3/8
1/8 11/24
3/16 17/48
5/24 1/12
5/24 1/6
5/24 7/24
5/24 1/3
5/24 3/8
5/24 11/24
5/24 13/24
1/4 7/24
1/4 1/3
1/4 5/12
1/4 7/12
7/24 1/6
7/24 1/4
7/24 7/24
7/24 1/3
7/24 5/12
7/24 11/24
7/24 13/24
1/3 5/24
1/3 1/4
1/3 7/24
1/3 1/3
1/3 5/12
1/3 1/2
3/8 1/6
3/8 1/4
3/8 1/3
19/48 7/48
19/48 17/48
5/12 1/8
5/12 1/6
5/12 7/24
5/12 1/3
7/16 5/16
7/16 19/48
11/24 1/8
11/24 1/6
11/24 5/24
11/24 1/4
11/24 7/24
23/48 17/48
1/2 5/24
1/2 1/4
1/2 7/24
13/24 1/8
13/24 1/4
13/24 7/24
9/16 13/48
64
5  0 5 6 13 1
4  1 13 14 7
3  2 7 3
4  3 9 10 4
3  3 7 8
3  3 8 9
3  5 12 6
3  6 12 13
6  7 11 16 17 9 8
4  7 14 15 11
3  9 17 10
3  11 15 16
3  12 23 13
4  13 24 19 14
4  13 23 30 24
3  14 19 15
3  15 19 20
6  15 20 26 27 21 16
3  16 21 17
3  17 21 28
3  17 28 18
3  18 28 29
3  18 29 22
3  19 24 25
4  19 25 26 20
3  21 27 28
3  23 36 30
3  24 32 25
3  24 31 32
3  24 30 31
3  25 32 26
3  26 32 33
4  26 33 34 27
3  27 34 28
3  28 35 29
5  28 34 40 46 35
3  30 37 31
4  30 49 50 37
4  30 36 42 49
3  31 37 32
3  32 38 33
4  32 43 44 38
3  32 37 43
4  33 38 40 34
3  36 39 42
4  37 50 51 43
3  38 44 40
3  39 41 42
5  40 44 45 52 46
3  41 48 42
3  41 47 48
3  42 48 49
3  43 45 44
3  43 51 45
5  45 51 55 58 52
5  47 56 57 53 48
3  48 53 49
3  49 54 50
3  49 53 54
4  50 54 55 51
3  53 57 54
3  54 58 55
3  54 57 58
3  57 59 58
