95
-8/1275 2099/5100
44/1425 631/1900
792/23525 31949/94100
302/8025 10669/32100
2728/51375 26797/68500
1672/30775 48559/123100
88/1575 279/700
11/175 73/175
18724/297375 461303/1189500
5738/88725 138961/354900
1208/18075 28651/72300
151/2050 843/2050
151/2010 833/2010
151/1950 409/975
469/5500 2267/5500
11/125 121/250
167/1600 631/1600
6832/60675 46927/121350
167/1400 83/200
64/525 202/525
249/2000 807/2000
3193/25350 194492/519675
976/7275 5561/14550
41/300 113/300
18629/133550 24736/66775
215107/1540500 556901/1540500
30511/211500 76123/211500
183/1250 222/625
11/75 16/25
1253/8100 2729/8100
1233/7850 2869/7850
5861/37200 525893/1525200
5199/32300 34321/96900
2063/12600 4559/12600
419/2550 37997/104550
13361/80700 27223/80700
9371/56100 19753/56100
129/770 277/770
9551/56950 20643/56950
1504/8925 3347/8925
3761/22000 7873/22000
5737/33150 5983/16575
16339/94300 33627/94300
46919/270300 94567/270300
87181/494700 1208381/3462900
369/2080 737/2080
4826/26825 9468/26825
7552/39525 14636/39525
1961/10200 26161/71400
19648/100725 37214/100725
4447/22275 7621/22275
3741/18700 133823/392700
8489/42300 14327/42300
290443/1444500 491749/1444500
161/800 273/800
875321/4320000 1500953/4320000
41/200 11/25
37/180 61/180
9328/45075 33083/90150
527/2500 961/2500
183/850 172/425
194/875 759/1750
172/775 296/775
256/1125 136/375
793/3450 204/575
37/160 7/20
281/1200 17/50
1591/6720 37/105
304/1275 919/2550
296/1185 1697/4740
185/668 247/668
359/1250 456/625
8/25 103/300
481/1460 573/1460
37/112 11/28
191/575 451/1150
6/17 6/17
121/322 121/322
17/44 17/44
2/5 11/30
163/395 303/790
37/84 37/84
78/175 19/50
818/1795 1583/3590
37/80 9/20
185/398 359/796
5891/12650 2844/6325
9301/19750 4359/9875
11159/22850 4731/11425
1/2 19/48
1/2 152/359
1/2 1016/2297
1/2 144/323
1/2 69/148
341/650 144/325
95
3  0 1 2
3  0 2 4
3  0 4 5
3  0 5 6
3  1 3 2
4  2 3 8 4
5  3 29 27 25 8
4  4 8 9 5
4  5 9 10 6
4  6 10 11 7
3  7 11 12
5  7 12 13 18 15
4  8 25 21 9
4  9 21 17 10
4  10 17 16 11
4  11 16 14 12
3  12 14 13
4  13 14 20 18
5  14 16 19 22 20
4  15 18 60 56
3  15 56 28
3  16 17 19
5  17 21 24 23 19
4  18 20 59 60
3  19 23 22
7  20 22 39 47 49 58 59
4  21 25 26 24
5  22 23 30 34 39
3  23 24 30
5  24 26 32 33 30
3  25 27 26
4  26 27 31 32
3  27 29 31
4  28 56 61 71
3  29 35 31
3  30 33 34
6  31 35 44 43 36 32
4  32 36 37 33
4  33 37 38 34
3  34 38 39
4  35 52 51 44
3  36 40 37
4  36 43 42 40
4  37 40 41 38
6  38 41 42 45 47 39
3  40 42 41
3  42 43 45
4  43 44 46 45
4  44 51 50 46
4  45 46 48 47
3  46 50 48
3  47 48 49
5  48 50 54 55 49
3  49 55 58
4  50 51 53 54
3  51 52 53
3  52 57 53
3  53 57 54
3  54 57 55
5  55 57 64 63 58
3  56 60 61
3  57 65 64
3  57 66 65
4  58 63 62 59
3  59 62 60
4  60 62 70 73
4  60 73 74 61
6  61 74 81 84 85 71
5  62 63 68 69 70
3  63 64 68
4  64 65 67 68
3  65 66 67
4  66 72 69 67
3  67 69 68
4  69 72 76 70
5  70 76 77 75 73
3  73 75 74
4  74 75 78 81
3  75 77 78
3  76 79 77
4  77 79 80 78
4  78 80 83 81
3  79 82 80
5  80 82 88 87 83
3  81 83 84
3  82 89 88
4  83 87 86 84
3  84 86 85
4  85 86 92 93
4  86 87 91 92
4  87 88 90 91
3  88 89 90
3  90 94 91
3  91 94 92
3  92 94 93
