48
-4829/11716 18293/11716
-23177/58580 62191/58580
-131/404 3009/2828
-5441/17574 8621/8787
-3387/11716 10135/11716
-1760/8787 24647/35148
-2187/11716 18591/23432
-16163/87870 35668/43935
-2614/14645 49717/58580
-13497/76154 32640/38077
-14109/82012 64229/82012
-6388/38077 61201/76154
-17525/105444 89299/105444
-12539/76154 71759/76154
-47717/292900 234669/292900
-74651/462782 223270/231391
-4201/26361 21305/26361
-22165/140592 112267/140592
-36303/234320 191431/234320
-30221/199172 160305/199172
-15/101 297/404
-41693/281184 233413/281184
-427/2929 12535/11716
-14582/102515 28201/29290
-2308/16261 2215/2323
-24889/175740 148193/175740
-10312/73225 67366/73225
-6896/49793 2488/2929
-405/2929 108611/128876
-2014/14645 24019/29290
-2223/16564 6267/8282
-46923/363196 295005/363196
-23723/187456 180165/187456
-401/3232 2495/3232
-13883/116352 90653/116352
-481/4040 2891/4040
-281/2424 1901/2424
-4877/42218 16406/21109
-291/2525 3901/5050
-2695/23432 20991/23432
-321/2828 2099/2828
-12657/115544 91725/115544
-1125/10504 8119/10504
-1841/17574 29447/35148
-965/9292 7327/9292
-12033/117160 96797/117160
-1193/11716 33675/41006
-161/1616 1307/1616
52
3  0 2 22
3  0 1 2
3  1 3 2
4  2 3 15 22
4  3 9 13 15
3  4 5 6
3  4 6 7
3  4 7 8
6  5 35 20 30 10 6
3  6 10 14
3  6 11 7
3  6 14 11
4  7 11 16 18
5  7 18 21 12 8
3  8 12 9
6  9 12 25 27 26 13
5  10 30 33 34 17
3  10 17 14
3  11 14 16
3  12 21 25
3  13 26 24
4  13 24 23 15
3  14 17 19
4  14 19 29 16
3  15 23 22
3  16 29 18
6  17 34 36 41 31 19
3  18 29 21
3  19 31 29
3  20 35 40
3  20 40 30
4  21 29 28 25
3  22 23 32
3  23 24 32
4  24 26 39 32
3  25 28 27
3  26 27 39
4  27 28 43 39
3  28 29 43
3  29 31 46
3  29 45 43
3  29 46 45
3  30 40 33
4  31 41 47 46
3  33 40 38
4  33 38 37 34
3  34 37 36
4  36 37 42 44
3  36 44 41
3  37 38 42
3  38 40 42
3  41 44 47
