89
86/15 99/20
869/150 503/100
1741/300 124/25
436/75 489/100
437/75 1489/300
35/6 5/1
439/75 511/100
881/150 497/100
353/60 49/10
883/150 1463/300
442/75 483/100
442/75 127/25
4423/750 2551/500
59/10 307/60
2213/375 2437/500
443/75 1471/300
887/150 247/50
887/150 519/100
2219/375 2481/500
148/25 1493/300
1777/300 487/100
1777/300 128/25
889/150 1529/300
89/15 101/20
1783/300 249/50
446/75 1487/300
893/150 491/100
4471/750 2477/500
1789/300 509/100
179/30 299/60
448/75 477/100
448/75 251/50
448/75 527/100
4483/750 2521/500
299/50 1517/300
359/60 99/20
359/60 26/5
4489/750 2543/500
449/75 1553/300
899/150 513/100
6/1 61/12
1801/300 481/100
1801/300 253/50
901/150 1511/300
451/75 499/100
301/50 1483/300
1807/300 123/25
1807/300 517/100
452/75 1469/300
181/30 97/20
151/25 1441/300
4531/750 2447/500
1813/300 239/50
1813/300 503/100
907/150 1477/300
4537/750 2469/500
454/75 471/100
454/75 124/25
454/75 521/100
303/50 1499/300
1819/300 489/100
4549/750 2513/500
911/150 507/100
152/25 1507/300
73/12 5/1
457/75 493/100
61/10 293/60
1831/300 243/50
1831/300 511/100
458/75 1501/300
2291/375 2509/500
917/150 479/100
917/150 126/25
153/25 1523/300
2297/375 2553/500
919/150 1459/300
4597/750 2439/500
92/15 49/10
92/15 103/20
307/50 1531/300
1843/300 127/25
923/150 501/100
463/75 487/100
929/150 249/50
31/5 301/60
466/75 509/100
1867/300 251/50
187/30 99/20
472/75 503/100
112
3  0 3 2
4  1 2 4 5
3  1 5 6
3  2 3 4
4  3 8 7 4
3  3 9 8
3  3 10 9
3  4 7 5
3  5 7 6
3  6 7 11
3  6 13 17
3  6 12 13
3  6 11 12
4  7 8 15 16
4  7 19 23 11
3  7 18 19
3  7 16 18
4  8 9 14 15
3  9 10 14
3  10 20 14
3  10 49 20
3  10 41 49
3  10 30 41
4  11 23 22 12
4  12 22 21 13
3  13 21 17
4  14 20 26 15
3  15 26 16
4  16 26 25 18
4  17 21 39 38
3  17 36 32
3  17 38 36
4  18 25 24 19
3  19 24 23
4  20 49 48 26
4  21 22 28 39
3  22 23 28
4  23 24 29 31
4  23 34 37 28
3  23 33 34
3  23 31 33
4  24 25 27 29
3  25 26 27
3  26 35 27
4  26 46 45 35
3  26 48 46
4  27 35 44 29
3  28 37 39
3  29 44 31
4  30 52 50 41
4  31 44 43 33
4  33 43 42 34
4  34 42 40 37
3  35 45 44
4  36 38 47 58
3  37 40 39
3  38 39 47
4  39 40 62 68
3  39 78 47
3  39 68 78
3  40 42 62
3  41 50 49
4  42 43 53 62
3  43 44 53
4  44 45 55 57
4  44 59 61 53
3  44 57 59
4  45 46 54 55
4  46 48 51 54
3  47 78 58
3  48 49 51
3  49 60 51
4  49 50 71 67
4  49 67 66 60
3  50 52 71
4  51 60 65 54
3  52 56 71
3  53 61 62
3  54 65 55
3  55 65 57
4  57 65 64 59
4  59 64 63 61
3  60 66 65
3  61 63 62
4  62 63 70 72
4  62 73 74 68
3  62 72 73
4  63 64 69 70
3  64 65 69
4  65 66 76 77
4  65 77 81 69
4  66 67 75 76
3  67 71 75
3  68 74 78
3  69 81 70
3  70 81 72
3  71 82 75
4  72 81 80 73
4  73 80 79 74
3  74 79 78
3  75 82 76
3  76 82 77
3  77 82 81
3  78 79 85
3  79 80 85
4  80 81 84 85
3  81 82 83
3  81 83 84
3  82 87 83
4  83 87 86 84
3  84 86 85
3  85 86 88
