89
91/15 26/5
919/150 132/25
1841/300 521/100
461/75 257/50
154/25 391/75
37/6 21/4
464/75 134/25
931/150 261/50
373/60 103/20
311/50 769/150
467/75 127/25
467/75 533/100
4673/750 669/125
187/30 161/30
2338/375 1281/250
156/25 773/150
937/150 519/100
937/150 136/25
2344/375 1303/250
469/75 392/75
1877/300 128/25
1877/300 537/100
313/50 401/75
94/15 53/10
1883/300 523/100
157/25 781/150
943/150 129/25
4721/750 1301/250
1889/300 267/50
63/10 157/30
473/75 251/50
473/75 527/100
473/75 138/25
4733/750 1323/250
947/150 398/75
379/60 26/5
379/60 109/20
4739/750 667/125
158/25 407/75
949/150 269/50
19/3 16/3
1901/300 253/50
1901/300 531/100
317/50 793/150
476/75 131/25
953/150 779/150
1907/300 517/100
1907/300 271/50
159/25 386/75
191/30 51/10
478/75 379/75
4781/750 643/125
1913/300 503/100
1913/300 132/25
319/50 388/75
4787/750 1297/250
479/75 124/25
479/75 521/100
479/75 273/50
959/150 787/150
1919/300 257/50
4799/750 1319/250
961/150 133/25
481/75 791/150
77/12 21/4
482/75 259/50
193/30 77/15
1931/300 511/100
1931/300 134/25
161/25 394/75
2416/375 1317/250
967/150 126/25
967/150 529/100
484/75 799/150
2422/375 1339/250
323/50 767/150
4847/750 641/125
97/15 103/20
97/15 27/5
971/150 803/150
1943/300 533/100
973/150 263/50
488/75 128/25
979/150 523/100
98/15 79/15
491/75 267/50
1967/300 527/100
197/30 26/5
497/75 132/25
112
3  0 3 2
4  1 2 4 5
3  1 5 6
3  2 3 4
4  3 8 7 4
3  3 9 8
3  3 10 9
3  4 7 5
3  5 7 6
3  6 7 11
3  6 13 17
3  6 12 13
3  6 11 12
4  7 8 15 16
4  7 19 23 11
3  7 18 19
3  7 16 18
4  8 9 14 15
3  9 10 14
3  10 20 14
3  10 49 20
3  10 41 49
3  10 30 41
4  11 23 22 12
4  12 22 21 13
3  13 21 17
4  14 20 26 15
3  15 26 16
4  16 26 25 18
4  17 21 39 38
3  17 36 32
3  17 38 36
4  18 25 24 19
3  19 24 23
4  20 49 48 26
4  21 22 28 39
3  22 23 28
4  23 24 29 31
4  23 34 37 28
3  23 33 34
3  23 31 33
4  24 25 27 29
3  25 26 27
3  26 35 27
4  26 46 45 35
3  26 48 46
4  27 35 44 29
3  28 37 39
3  29 44 31
4  30 52 50 41
4  31 44 43 33
4  33 43 42 34
4  34 42 40 37
3  35 45 44
4  36 38 47 58
3  37 40 39
3  38 39 47
4  39 40 62 68
3  39 78 47
3  39 68 78
3  40 42 62
3  41 50 49
4  42 43 53 62
3  43 44 53
4  44 45 55 57
4  44 59 61 53
3  44 57 59
4  45 46 54 55
4  46 48 51 54
3  47 78 58
3  48 49 51
3  49 60 51
4  49 50 71 67
4  49 67 66 60
3  50 52 71
4  51 60 65 54
3  52 56 71
3  53 61 62
3  54 65 55
3  55 65 57
4  57 65 64 59
4  59 64 63 61
3  60 66 65
3  61 63 62
4  62 63 70 72
4  62 73 74 68
3  62 72 73
4  63 64 69 70
3  64 65 69
4  65 66 76 77
4  65 77 81 69
4  66 67 75 76
3  67 71 75
3  68 74 78
3  69 81 70
3  70 81 72
3  71 82 75
4  72 81 80 73
4  73 80 79 74
3  74 79 78
3  75 82 76
3  76 82 77
3  77 82 81
3  78 79 85
3  79 80 85
4  80 81 84 85
3  81 82 83
3  81 83 84
3  82 87 83
4  83 87 86 84
3  84 86 85
3  85 86 88
