89
32/5 109/20
323/50 553/100
647/100 273/50
162/25 539/100
487/75 1639/300
13/2 11/2
163/25 561/100
327/50 547/100
131/20 27/5
983/150 1613/300
164/25 533/100
164/25 279/50
1641/250 2801/500
197/30 337/60
821/125 2687/500
493/75 1621/300
329/50 136/25
329/50 569/100
823/125 2731/500
494/75 1643/300
659/100 537/100
659/100 281/50
989/150 1679/300
33/5 111/20
661/100 137/25
496/75 1637/300
331/50 541/100
1657/250 2727/500
663/100 559/100
199/30 329/60
166/25 527/100
166/25 138/25
166/25 577/100
1661/250 2771/500
997/150 1667/300
133/20 109/20
133/20 57/10
1663/250 2793/500
499/75 1703/300
333/50 563/100
20/3 67/12
667/100 531/100
667/100 139/25
1001/150 1661/300
167/25 549/100
1003/150 1633/300
669/100 271/50
669/100 567/100
502/75 1619/300
67/10 107/20
503/75 1591/300
1677/250 2697/500
671/100 132/25
671/100 553/100
1007/150 1627/300
1679/250 2719/500
168/25 521/100
168/25 273/50
168/25 571/100
1009/150 1649/300
673/100 539/100
1683/250 2763/500
337/50 557/100
506/75 1657/300
27/4 11/2
169/25 543/100
203/30 323/60
677/100 134/25
677/100 561/100
508/75 1651/300
847/125 2759/500
339/50 529/100
339/50 277/50
509/75 1673/300
849/125 2803/500
1019/150 1609/300
1699/250 2689/500
34/5 27/5
34/5 113/20
1021/150 1681/300
681/100 279/50
341/50 551/100
171/25 537/100
343/50 137/25
103/15 331/60
172/25 559/100
689/100 138/25
69/10 109/20
174/25 553/100
112
3  0 3 2
4  1 2 4 5
3  1 5 6
3  2 3 4
4  3 8 7 4
3  3 9 8
3  3 10 9
3  4 7 5
3  5 7 6
3  6 7 11
3  6 13 17
3  6 12 13
3  6 11 12
4  7 8 15 16
4  7 19 23 11
3  7 18 19
3  7 16 18
4  8 9 14 15
3  9 10 14
3  10 20 14
3  10 49 20
3  10 41 49
3  10 30 41
4  11 23 22 12
4  12 22 21 13
3  13 21 17
4  14 20 26 15
3  15 26 16
4  16 26 25 18
4  17 21 39 38
3  17 36 32
3  17 38 36
4  18 25 24 19
3  19 24 23
4  20 49 48 26
4  21 22 28 39
3  22 23 28
4  23 24 29 31
4  23 34 37 28
3  23 33 34
3  23 31 33
4  24 25 27 29
3  25 26 27
3  26 35 27
4  26 46 45 35
3  26 48 46
4  27 35 44 29
3  28 37 39
3  29 44 31
4  30 52 50 41
4  31 44 43 33
4  33 43 42 34
4  34 42 40 37
3  35 45 44
4  36 38 47 58
3  37 40 39
3  38 39 47
4  39 40 62 68
3  39 78 47
3  39 68 78
3  40 42 62
3  41 50 49
4  42 43 53 62
3  43 44 53
4  44 45 55 57
4  44 59 61 53
3  44 57 59
4  45 46 54 55
4  46 48 51 54
3  47 78 58
3  48 49 51
3  49 60 51
4  49 50 71 67
4  49 67 66 60
3  50 52 71
4  51 60 65 54
3  52 56 71
3  53 61 62
3  54 65 55
3  55 65 57
4  57 65 64 59
4  59 64 63 61
3  60 66 65
3  61 63 62
4  62 63 70 72
4  62 73 74 68
3  62 72 73
4  63 64 69 70
3  64 65 69
4  65 66 76 77
4  65 77 81 69
4  66 67 75 76
3  67 71 75
3  68 74 78
3  69 81 70
3  70 81 72
3  71 82 75
4  72 81 80 73
4  73 80 79 74
3  74 79 78
3  75 82 76
3  76 82 77
3  77 82 81
3  78 79 85
3  79 80 85
4  80 81 84 85
3  81 82 83
3  81 83 84
3  82 87 83
4  83 87 86 84
3  84 86 85
3  85 86 88
