89
101/15 57/10
1019/150 289/50
2041/300 571/100
511/75 141/25
512/75 857/150
41/6 23/4
514/75 293/50
1031/150 143/25
413/60 113/20
1033/150 422/75
517/75 279/50
517/75 583/100
5173/750 1463/250
69/10 88/15
2588/375 703/125
518/75 424/75
1037/150 569/100
1037/150 297/50
2594/375 714/125
173/25 859/150
2077/300 281/50
2077/300 587/100
1039/150 877/150
104/15 29/5
2083/300 573/100
521/75 428/75
1043/150 283/50
5221/750 713/125
2089/300 146/25
209/30 86/15
523/75 138/25
523/75 577/100
523/75 301/50
5233/750 724/125
349/50 871/150
419/60 57/10
419/60 119/20
5239/750 1459/250
524/75 889/150
1049/150 147/25
7/1 35/6
2101/300 139/25
2101/300 581/100
1051/150 434/75
526/75 287/50
351/50 427/75
2107/300 567/100
2107/300 148/25
527/75 847/150
211/30 28/5
176/25 833/150
5281/750 1411/250
2113/300 553/100
2113/300 289/50
1057/150 851/150
5287/750 711/125
529/75 273/50
529/75 571/100
529/75 149/25
353/50 431/75
2119/300 141/25
5299/750 722/125
1061/150 291/50
177/25 433/75
85/12 23/4
532/75 142/25
71/10 169/30
2131/300 561/100
2131/300 293/50
533/75 863/150
2666/375 721/125
1067/150 277/50
1067/150 579/100
178/25 437/75
2672/375 732/125
1069/150 421/75
5347/750 1407/250
107/15 113/20
107/15 59/10
357/50 439/75
2143/300 583/100
1073/150 144/25
538/75 281/50
1079/150 573/100
36/5 173/30
541/75 146/25
2167/300 577/100
217/30 57/10
547/75 289/50
112
3  0 3 2
4  1 2 4 5
3  1 5 6
3  2 3 4
4  3 8 7 4
3  3 9 8
3  3 10 9
3  4 7 5
3  5 7 6
3  6 7 11
3  6 13 17
3  6 12 13
3  6 11 12
4  7 8 15 16
4  7 19 23 11
3  7 18 19
3  7 16 18
4  8 9 14 15
3  9 10 14
3  10 20 14
3  10 49 20
3  10 41 49
3  10 30 41
4  11 23 22 12
4  12 22 21 13
3  13 21 17
4  14 20 26 15
3  15 26 16
4  16 26 25 18
4  17 21 39 38
3  17 36 32
3  17 38 36
4  18 25 24 19
3  19 24 23
4  20 49 48 26
4  21 22 28 39
3  22 23 28
4  23 24 29 31
4  23 34 37 28
3  23 33 34
3  23 31 33
4  24 25 27 29
3  25 26 27
3  26 35 27
4  26 46 45 35
3  26 48 46
4  27 35 44 29
3  28 37 39
3  29 44 31
4  30 52 50 41
4  31 44 43 33
4  33 43 42 34
4  34 42 40 37
3  35 45 44
4  36 38 47 58
3  37 40 39
3  38 39 47
4  39 40 62 68
3  39 78 47
3  39 68 78
3  40 42 62
3  41 50 49
4  42 43 53 62
3  43 44 53
4  44 45 55 57
4  44 59 61 53
3  44 57 59
4  45 46 54 55
4  46 48 51 54
3  47 78 58
3  48 49 51
3  49 60 51
4  49 50 71 67
4  49 67 66 60
3  50 52 71
4  51 60 65 54
3  52 56 71
3  53 61 62
3  54 65 55
3  55 65 57
4  57 65 64 59
4  59 64 63 61
3  60 66 65
3  61 63 62
4  62 63 70 72
4  62 73 74 68
3  62 72 73
4  63 64 69 70
3  64 65 69
4  65 66 76 77
4  65 77 81 69
4  66 67 75 76
3  67 71 75
3  68 74 78
3  69 81 70
3  70 81 72
3  71 82 75
4  72 81 80 73
4  73 80 79 74
3  74 79 78
3  75 82 76
3  76 82 77
3  77 82 81
3  78 79 85
3  79 80 85
4  80 81 84 85
3  81 82 83
3  81 83 84
3  82 87 83
4  83 87 86 84
3  84 86 85
3  85 86 88
