89
106/15 119/20
1069/150 603/100
2141/300 149/25
536/75 589/100
179/25 1789/300
43/6 6/1
539/75 611/100
1081/150 597/100
433/60 59/10
361/50 1763/300
542/75 583/100
542/75 152/25
5423/750 3051/500
217/30 367/60
2713/375 2937/500
181/25 1771/300
1087/150 297/50
1087/150 619/100
2719/375 2981/500
544/75 1793/300
2177/300 587/100
2177/300 153/25
363/50 1829/300
109/15 121/20
2183/300 299/50
182/25 1787/300
1093/150 591/100
5471/750 2977/500
2189/300 609/100
73/10 359/60
548/75 577/100
548/75 301/50
548/75 627/100
5483/750 3021/500
1097/150 1817/300
439/60 119/20
439/60 31/5
5489/750 3043/500
183/25 1853/300
1099/150 613/100
22/3 73/12
2201/300 581/100
2201/300 303/50
367/50 1811/300
551/75 599/100
1103/150 1783/300
2207/300 148/25
2207/300 617/100
184/25 1769/300
221/30 117/20
553/75 1741/300
5531/750 2947/500
2213/300 289/50
2213/300 603/100
369/50 1777/300
5537/750 2969/500
554/75 571/100
554/75 149/25
554/75 621/100
1109/150 1799/300
2219/300 589/100
5549/750 3013/500
1111/150 607/100
556/75 1807/300
89/12 6/1
557/75 593/100
223/30 353/60
2231/300 293/50
2231/300 611/100
186/25 1801/300
2791/375 3009/500
1117/150 579/100
1117/150 151/25
559/75 1823/300
2797/375 3053/500
373/50 1759/300
5597/750 2939/500
112/15 59/10
112/15 123/20
1121/150 1831/300
2243/300 152/25
1123/150 601/100
563/75 587/100
1129/150 299/50
113/15 361/60
566/75 609/100
2267/300 301/50
227/30 119/20
572/75 603/100
112
3  0 3 2
4  1 2 4 5
3  1 5 6
3  2 3 4
4  3 8 7 4
3  3 9 8
3  3 10 9
3  4 7 5
3  5 7 6
3  6 7 11
3  6 13 17
3  6 12 13
3  6 11 12
4  7 8 15 16
4  7 19 23 11
3  7 18 19
3  7 16 18
4  8 9 14 15
3  9 10 14
3  10 20 14
3  10 49 20
3  10 41 49
3  10 30 41
4  11 23 22 12
4  12 22 21 13
3  13 21 17
4  14 20 26 15
3  15 26 16
4  16 26 25 18
4  17 21 39 38
3  17 36 32
3  17 38 36
4  18 25 24 19
3  19 24 23
4  20 49 48 26
4  21 22 28 39
3  22 23 28
4  23 24 29 31
4  23 34 37 28
3  23 33 34
3  23 31 33
4  24 25 27 29
3  25 26 27
3  26 35 27
4  26 46 45 35
3  26 48 46
4  27 35 44 29
3  28 37 39
3  29 44 31
4  30 52 50 41
4  31 44 43 33
4  33 43 42 34
4  34 42 40 37
3  35 45 44
4  36 38 47 58
3  37 40 39
3  38 39 47
4  39 40 62 68
3  39 78 47
3  39 68 78
3  40 42 62
3  41 50 49
4  42 43 53 62
3  43 44 53
4  44 45 55 57
4  44 59 61 53
3  44 57 59
4  45 46 54 55
4  46 48 51 54
3  47 78 58
3  48 49 51
3  49 60 51
4  49 50 71 67
4  49 67 66 60
3  50 52 71
4  51 60 65 54
3  52 56 71
3  53 61 62
3  54 65 55
3  55 65 57
4  57 65 64 59
4  59 64 63 61
3  60 66 65
3  61 63 62
4  62 63 70 72
4  62 73 74 68
3  62 72 73
4  63 64 69 70
3  64 65 69
4  65 66 76 77
4  65 77 81 69
4  66 67 75 76
3  67 71 75
3  68 74 78
3  69 81 70
3  70 81 72
3  71 82 75
4  72 81 80 73
4  73 80 79 74
3  74 79 78
3  75 82 76
3  76 82 77
3  77 82 81
3  78 79 85
3  79 80 85
4  80 81 84 85
3  81 82 83
3  81 83 84
3  82 87 83
4  83 87 86 84
3  84 86 85
3  85 86 88
