89
37/5 31/5
373/50 157/25
747/100 621/100
187/25 307/50
562/75 466/75
15/2 25/4
188/25 159/25
377/50 311/50
151/20 123/20
1133/150 919/150
189/25 152/25
189/25 633/100
1891/250 794/125
227/30 191/30
946/125 1531/250
568/75 923/150
379/50 619/100
379/50 161/25
948/125 1553/250
569/75 467/75
759/100 153/25
759/100 637/100
1139/150 476/75
38/5 63/10
761/100 623/100
571/75 931/150
381/50 154/25
1907/250 1551/250
763/100 317/50
229/30 187/30
191/25 301/50
191/25 627/100
191/25 163/25
1911/250 1573/250
1147/150 473/75
153/20 31/5
153/20 129/20
1913/250 792/125
574/75 482/75
383/50 319/50
23/3 19/3
767/100 303/50
767/100 631/100
1151/150 943/150
192/25 156/25
1153/150 929/150
769/100 617/100
769/100 321/50
577/75 461/75
77/10 61/10
578/75 454/75
1927/250 768/125
771/100 603/100
771/100 157/25
1157/150 463/75
1929/250 1547/250
193/25 149/25
193/25 621/100
193/25 323/50
1159/150 937/150
773/100 307/50
1933/250 1569/250
387/50 158/25
581/75 941/150
31/4 25/4
194/25 309/50
233/30 92/15
777/100 611/100
777/100 159/25
583/75 469/75
972/125 1567/250
389/50 151/25
389/50 629/100
584/75 949/150
974/125 1589/250
1169/150 917/150
1949/250 766/125
39/5 123/20
39/5 32/5
1171/150 953/150
781/100 633/100
391/50 313/50
196/25 153/25
393/50 623/100
118/15 94/15
197/25 317/50
789/100 627/100
79/10 31/5
199/25 157/25
112
3  0 3 2
4  1 2 4 5
3  1 5 6
3  2 3 4
4  3 8 7 4
3  3 9 8
3  3 10 9
3  4 7 5
3  5 7 6
3  6 7 11
3  6 13 17
3  6 12 13
3  6 11 12
4  7 8 15 16
4  7 19 23 11
3  7 18 19
3  7 16 18
4  8 9 14 15
3  9 10 14
3  10 20 14
3  10 49 20
3  10 41 49
3  10 30 41
4  11 23 22 12
4  12 22 21 13
3  13 21 17
4  14 20 26 15
3  15 26 16
4  16 26 25 18
4  17 21 39 38
3  17 36 32
3  17 38 36
4  18 25 24 19
3  19 24 23
4  20 49 48 26
4  21 22 28 39
3  22 23 28
4  23 24 29 31
4  23 34 37 28
3  23 33 34
3  23 31 33
4  24 25 27 29
3  25 26 27
3  26 35 27
4  26 46 45 35
3  26 48 46
4  27 35 44 29
3  28 37 39
3  29 44 31
4  30 52 50 41
4  31 44 43 33
4  33 43 42 34
4  34 42 40 37
3  35 45 44
4  36 38 47 58
3  37 40 39
3  38 39 47
4  39 40 62 68
3  39 78 47
3  39 68 78
3  40 42 62
3  41 50 49
4  42 43 53 62
3  43 44 53
4  44 45 55 57
4  44 59 61 53
3  44 57 59
4  45 46 54 55
4  46 48 51 54
3  47 78 58
3  48 49 51
3  49 60 51
4  49 50 71 67
4  49 67 66 60
3  50 52 71
4  51 60 65 54
3  52 56 71
3  53 61 62
3  54 65 55
3  55 65 57
4  57 65 64 59
4  59 64 63 61
3  60 66 65
3  61 63 62
4  62 63 70 72
4  62 73 74 68
3  62 72 73
4  63 64 69 70
3  64 65 69
4  65 66 76 77
4  65 77 81 69
4  66 67 75 76
3  67 71 75
3  68 74 78
3  69 81 70
3  70 81 72
3  71 82 75
4  72 81 80 73
4  73 80 79 74
3  74 79 78
3  75 82 76
3  76 82 77
3  77 82 81
3  78 79 85
3  79 80 85
4  80 81 84 85
3  81 82 83
3  81 83 84
3  82 87 83
4  83 87 86 84
3  84 86 85
3  85 86 88
