89
116/15 129/20
1169/150 653/100
2341/300 323/50
586/75 639/100
587/75 1939/300
47/6 13/2
589/75 661/100
1181/150 647/100
473/60 32/5
1183/150 1913/300
592/75 633/100
592/75 329/50
5923/750 3301/500
79/10 397/60
2963/375 3187/500
593/75 1921/300
1187/150 161/25
1187/150 669/100
2969/375 3231/500
198/25 1943/300
2377/300 637/100
2377/300 331/50
1189/150 1979/300
119/15 131/20
2383/300 162/25
596/75 1937/300
1193/150 641/100
5971/750 3227/500
2389/300 659/100
239/30 389/60
598/75 627/100
598/75 163/25
598/75 677/100
5983/750 3271/500
399/50 1967/300
479/60 129/20
479/60 67/10
5989/750 3293/500
599/75 2003/300
1199/150 663/100
8/1 79/12
2401/300 631/100
2401/300 164/25
1201/150 1961/300
601/75 649/100
401/50 1933/300
2407/300 321/50
2407/300 667/100
602/75 1919/300
241/30 127/20
201/25 1891/300
6031/750 3197/500
2413/300 157/25
2413/300 653/100
1207/150 1927/300
6037/750 3219/500
604/75 621/100
604/75 323/50
604/75 671/100
403/50 1949/300
2419/300 639/100
6049/750 3263/500
1211/150 657/100
202/25 1957/300
97/12 13/2
607/75 643/100
81/10 383/60
2431/300 159/25
2431/300 661/100
608/75 1951/300
3041/375 3259/500
1217/150 629/100
1217/150 327/50
203/25 1973/300
3047/375 3303/500
1219/150 1909/300
6097/750 3189/500
122/15 32/5
122/15 133/20
407/50 1981/300
2443/300 329/50
1223/150 651/100
613/75 637/100
1229/150 162/25
41/5 391/60
616/75 659/100
2467/300 163/25
247/30 129/20
622/75 653/100
112
3  0 3 2
4  1 2 4 5
3  1 5 6
3  2 3 4
4  3 8 7 4
3  3 9 8
3  3 10 9
3  4 7 5
3  5 7 6
3  6 7 11
3  6 13 17
3  6 12 13
3  6 11 12
4  7 8 15 16
4  7 19 23 11
3  7 18 19
3  7 16 18
4  8 9 14 15
3  9 10 14
3  10 20 14
3  10 49 20
3  10 41 49
3  10 30 41
4  11 23 22 12
4  12 22 21 13
3  13 21 17
4  14 20 26 15
3  15 26 16
4  16 26 25 18
4  17 21 39 38
3  17 36 32
3  17 38 36
4  18 25 24 19
3  19 24 23
4  20 49 48 26
4  21 22 28 39
3  22 23 28
4  23 24 29 31
4  23 34 37 28
3  23 33 34
3  23 31 33
4  24 25 27 29
3  25 26 27
3  26 35 27
4  26 46 45 35
3  26 48 46
4  27 35 44 29
3  28 37 39
3  29 44 31
4  30 52 50 41
4  31 44 43 33
4  33 43 42 34
4  34 42 40 37
3  35 45 44
4  36 38 47 58
3  37 40 39
3  38 39 47
4  39 40 62 68
3  39 78 47
3  39 68 78
3  40 42 62
3  41 50 49
4  42 43 53 62
3  43 44 53
4  44 45 55 57
4  44 59 61 53
3  44 57 59
4  45 46 54 55
4  46 48 51 54
3  47 78 58
3  48 49 51
3  49 60 51
4  49 50 71 67
4  49 67 66 60
3  50 52 71
4  51 60 65 54
3  52 56 71
3  53 61 62
3  54 65 55
3  55 65 57
4  57 65 64 59
4  59 64 63 61
3  60 66 65
3  61 63 62
4  62 63 70 72
4  62 73 74 68
3  62 72 73
4  63 64 69 70
3  64 65 69
4  65 66 76 77
4  65 77 81 69
4  66 67 75 76
3  67 71 75
3  68 74 78
3  69 81 70
3  70 81 72
3  71 82 75
4  72 81 80 73
4  73 80 79 74
3  74 79 78
3  75 82 76
3  76 82 77
3  77 82 81
3  78 79 85
3  79 80 85
4  80 81 84 85
3  81 82 83
3  81 83 84
3  82 87 83
4  83 87 86 84
3  84 86 85
3  85 86 88
