89
121/15 67/10
1219/150 339/50
2441/300 671/100
611/75 166/25
204/25 1007/150
49/6 27/4
614/75 343/50
1231/150 168/25
493/60 133/20
411/50 497/75
617/75 329/50
617/75 683/100
6173/750 1713/250
247/30 103/15
3088/375 828/125
206/25 499/75
1237/150 669/100
1237/150 347/50
3094/375 839/125
619/75 1009/150
2477/300 331/50
2477/300 687/100
413/50 1027/150
124/15 34/5
2483/300 673/100
207/25 503/75
1243/150 333/50
6221/750 838/125
2489/300 171/25
83/10 101/15
623/75 163/25
623/75 677/100
623/75 351/50
6233/750 849/125
1247/150 1021/150
499/60 67/10
499/60 139/20
6239/750 1709/250
208/25 1039/150
1249/150 172/25
25/3 41/6
2501/300 164/25
2501/300 681/100
417/50 509/75
626/75 337/50
1253/150 502/75
2507/300 667/100
2507/300 173/25
209/25 997/150
251/30 33/5
628/75 983/150
6281/750 1661/250
2513/300 653/100
2513/300 339/50
419/50 1001/150
6287/750 836/125
629/75 323/50
629/75 671/100
629/75 174/25
1259/150 506/75
2519/300 166/25
6299/750 847/125
1261/150 341/50
631/75 508/75
101/12 27/4
632/75 167/25
253/30 199/30
2531/300 661/100
2531/300 343/50
211/25 1013/150
3166/375 846/125
1267/150 327/50
1267/150 679/100
634/75 512/75
3172/375 857/125
423/50 496/75
6347/750 1657/250
127/15 133/20
127/15 69/10
1271/150 514/75
2543/300 683/100
1273/150 169/25
638/75 331/50
1279/150 673/100
128/15 203/30
641/75 171/25
2567/300 677/100
257/30 67/10
647/75 339/50
112
3  0 3 2
4  1 2 4 5
3  1 5 6
3  2 3 4
4  3 8 7 4
3  3 9 8
3  3 10 9
3  4 7 5
3  5 7 6
3  6 7 11
3  6 13 17
3  6 12 13
3  6 11 12
4  7 8 15 16
4  7 19 23 11
3  7 18 19
3  7 16 18
4  8 9 14 15
3  9 10 14
3  10 20 14
3  10 49 20
3  10 41 49
3  10 30 41
4  11 23 22 12
4  12 22 21 13
3  13 21 17
4  14 20 26 15
3  15 26 16
4  16 26 25 18
4  17 21 39 38
3  17 36 32
3  17 38 36
4  18 25 24 19
3  19 24 23
4  20 49 48 26
4  21 22 28 39
3  22 23 28
4  23 24 29 31
4  23 34 37 28
3  23 33 34
3  23 31 33
4  24 25 27 29
3  25 26 27
3  26 35 27
4  26 46 45 35
3  26 48 46
4  27 35 44 29
3  28 37 39
3  29 44 31
4  30 52 50 41
4  31 44 43 33
4  33 43 42 34
4  34 42 40 37
3  35 45 44
4  36 38 47 58
3  37 40 39
3  38 39 47
4  39 40 62 68
3  39 78 47
3  39 68 78
3  40 42 62
3  41 50 49
4  42 43 53 62
3  43 44 53
4  44 45 55 57
4  44 59 61 53
3  44 57 59
4  45 46 54 55
4  46 48 51 54
3  47 78 58
3  48 49 51
3  49 60 51
4  49 50 71 67
4  49 67 66 60
3  50 52 71
4  51 60 65 54
3  52 56 71
3  53 61 62
3  54 65 55
3  55 65 57
4  57 65 64 59
4  59 64 63 61
3  60 66 65
3  61 63 62
4  62 63 70 72
4  62 73 74 68
3  62 72 73
4  63 64 69 70
3  64 65 69
4  65 66 76 77
4  65 77 81 69
4  66 67 75 76
3  67 71 75
3  68 74 78
3  69 81 70
3  70 81 72
3  71 82 75
4  72 81 80 73
4  73 80 79 74
3  74 79 78
3  75 82 76
3  76 82 77
3  77 82 81
3  78 79 85
3  79 80 85
4  80 81 84 85
3  81 82 83
3  81 83 84
3  82 87 83
4  83 87 86 84
3  84 86 85
3  85 86 88
