89
42/5 139/20
423/50 703/100
847/100 174/25
212/25 689/100
637/75 2089/300
17/2 7/1
213/25 711/100
427/50 697/100
171/20 69/10
1283/150 2063/300
214/25 683/100
214/25 177/25
2141/250 3551/500
257/30 427/60
1071/125 3437/500
643/75 2071/300
429/50 347/50
429/50 719/100
1073/125 3481/500
644/75 2093/300
859/100 687/100
859/100 178/25
1289/150 2129/300
43/5 141/20
861/100 349/50
646/75 2087/300
431/50 691/100
2157/250 3477/500
863/100 709/100
259/30 419/60
216/25 677/100
216/25 351/50
216/25 727/100
2161/250 3521/500
1297/150 2117/300
173/20 139/20
173/20 36/5
2163/250 3543/500
649/75 2153/300
433/50 713/100
26/3 85/12
867/100 681/100
867/100 353/50
1301/150 2111/300
217/25 699/100
1303/150 2083/300
869/100 173/25
869/100 717/100
652/75 2069/300
87/10 137/20
653/75 2041/300
2177/250 3447/500
871/100 339/50
871/100 703/100
1307/150 2077/300
2179/250 3469/500
218/25 671/100
218/25 174/25
218/25 721/100
1309/150 2099/300
873/100 689/100
2183/250 3513/500
437/50 707/100
656/75 2107/300
35/4 7/1
219/25 693/100
263/30 413/60
877/100 343/50
877/100 711/100
658/75 2101/300
1097/125 3509/500
439/50 679/100
439/50 176/25
659/75 2123/300
1099/125 3553/500
1319/150 2059/300
2199/250 3439/500
44/5 69/10
44/5 143/20
1321/150 2131/300
881/100 177/25
441/50 701/100
221/25 687/100
443/50 349/50
133/15 421/60
222/25 709/100
889/100 351/50
89/10 139/20
224/25 703/100
112
3  0 3 2
4  1 2 4 5
3  1 5 6
3  2 3 4
4  3 8 7 4
3  3 9 8
3  3 10 9
3  4 7 5
3  5 7 6
3  6 7 11
3  6 13 17
3  6 12 13
3  6 11 12
4  7 8 15 16
4  7 19 23 11
3  7 18 19
3  7 16 18
4  8 9 14 15
3  9 10 14
3  10 20 14
3  10 49 20
3  10 41 49
3  10 30 41
4  11 23 22 12
4  12 22 21 13
3  13 21 17
4  14 20 26 15
3  15 26 16
4  16 26 25 18
4  17 21 39 38
3  17 36 32
3  17 38 36
4  18 25 24 19
3  19 24 23
4  20 49 48 26
4  21 22 28 39
3  22 23 28
4  23 24 29 31
4  23 34 37 28
3  23 33 34
3  23 31 33
4  24 25 27 29
3  25 26 27
3  26 35 27
4  26 46 45 35
3  26 48 46
4  27 35 44 29
3  28 37 39
3  29 44 31
4  30 52 50 41
4  31 44 43 33
4  33 43 42 34
4  34 42 40 37
3  35 45 44
4  36 38 47 58
3  37 40 39
3  38 39 47
4  39 40 62 68
3  39 78 47
3  39 68 78
3  40 42 62
3  41 50 49
4  42 43 53 62
3  43 44 53
4  44 45 55 57
4  44 59 61 53
3  44 57 59
4  45 46 54 55
4  46 48 51 54
3  47 78 58
3  48 49 51
3  49 60 51
4  49 50 71 67
4  49 67 66 60
3  50 52 71
4  51 60 65 54
3  52 56 71
3  53 61 62
3  54 65 55
3  55 65 57
4  57 65 64 59
4  59 64 63 61
3  60 66 65
3  61 63 62
4  62 63 70 72
4  62 73 74 68
3  62 72 73
4  63 64 69 70
3  64 65 69
4  65 66 76 77
4  65 77 81 69
4  66 67 75 76
3  67 71 75
3  68 74 78
3  69 81 70
3  70 81 72
3  71 82 75
4  72 81 80 73
4  73 80 79 74
3  74 79 78
3  75 82 76
3  76 82 77
3  77 82 81
3  78 79 85
3  79 80 85
4  80 81 84 85
3  81 82 83
3  81 83 84
3  82 87 83
4  83 87 86 84
3  84 86 85
3  85 86 88
