89
131/15 36/5
1319/150 182/25
2641/300 721/100
661/75 357/50
662/75 541/75
53/6 29/4
664/75 184/25
1331/150 361/50
533/60 143/20
1333/150 1069/150
667/75 177/25
667/75 733/100
6673/750 919/125
89/10 221/30
3338/375 1781/250
668/75 1073/150
1337/150 719/100
1337/150 186/25
3344/375 1803/250
223/25 542/75
2677/300 178/25
2677/300 737/100
1339/150 551/75
134/15 73/10
2683/300 723/100
671/75 1081/150
1343/150 179/25
6721/750 1801/250
2689/300 367/50
269/30 217/30
673/75 351/50
673/75 727/100
673/75 188/25
6733/750 1823/250
449/50 548/75
539/60 36/5
539/60 149/20
6739/750 917/125
674/75 557/75
1349/150 369/50
9/1 22/3
2701/300 353/50
2701/300 731/100
1351/150 1093/150
676/75 181/25
451/50 1079/150
2707/300 717/100
2707/300 371/50
677/75 536/75
271/30 71/10
226/25 529/75
6781/750 893/125
2713/300 703/100
2713/300 182/25
1357/150 538/75
6787/750 1797/250
679/75 174/25
679/75 721/100
679/75 373/50
453/50 1087/150
2719/300 357/50
6799/750 1819/250
1361/150 183/25
227/25 1091/150
109/12 29/4
682/75 359/50
91/10 107/15
2731/300 711/100
2731/300 184/25
683/75 544/75
3416/375 1817/250
1367/150 176/25
1367/150 729/100
228/25 1099/150
3422/375 1839/250
1369/150 1067/150
6847/750 891/125
137/15 143/20
137/15 37/5
457/50 1103/150
2743/300 733/100
1373/150 363/50
688/75 178/25
1379/150 723/100
46/5 109/15
691/75 367/50
2767/300 727/100
277/30 36/5
697/75 182/25
112
3  0 3 2
4  1 2 4 5
3  1 5 6
3  2 3 4
4  3 8 7 4
3  3 9 8
3  3 10 9
3  4 7 5
3  5 7 6
3  6 7 11
3  6 13 17
3  6 12 13
3  6 11 12
4  7 8 15 16
4  7 19 23 11
3  7 18 19
3  7 16 18
4  8 9 14 15
3  9 10 14
3  10 20 14
3  10 49 20
3  10 41 49
3  10 30 41
4  11 23 22 12
4  12 22 21 13
3  13 21 17
4  14 20 26 15
3  15 26 16
4  16 26 25 18
4  17 21 39 38
3  17 36 32
3  17 38 36
4  18 25 24 19
3  19 24 23
4  20 49 48 26
4  21 22 28 39
3  22 23 28
4  23 24 29 31
4  23 34 37 28
3  23 33 34
3  23 31 33
4  24 25 27 29
3  25 26 27
3  26 35 27
4  26 46 45 35
3  26 48 46
4  27 35 44 29
3  28 37 39
3  29 44 31
4  30 52 50 41
4  31 44 43 33
4  33 43 42 34
4  34 42 40 37
3  35 45 44
4  36 38 47 58
3  37 40 39
3  38 39 47
4  39 40 62 68
3  39 78 47
3  39 68 78
3  40 42 62
3  41 50 49
4  42 43 53 62
3  43 44 53
4  44 45 55 57
4  44 59 61 53
3  44 57 59
4  45 46 54 55
4  46 48 51 54
3  47 78 58
3  48 49 51
3  49 60 51
4  49 50 71 67
4  49 67 66 60
3  50 52 71
4  51 60 65 54
3  52 56 71
3  53 61 62
3  54 65 55
3  55 65 57
4  57 65 64 59
4  59 64 63 61
3  60 66 65
3  61 63 62
4  62 63 70 72
4  62 73 74 68
3  62 72 73
4  63 64 69 70
3  64 65 69
4  65 66 76 77
4  65 77 81 69
4  66 67 75 76
3  67 71 75
3  68 74 78
3  69 81 70
3  70 81 72
3  71 82 75
4  72 81 80 73
4  73 80 79 74
3  74 79 78
3  75 82 76
3  76 82 77
3  77 82 81
3  78 79 85
3  79 80 85
4  80 81 84 85
3  81 82 83
3  81 83 84
3  82 87 83
4  83 87 86 84
3  84 86 85
3  85 86 88
