89
136/15 149/20
1369/150 753/100
2741/300 373/50
686/75 739/100
229/25 2239/300
55/6 15/2
689/75 761/100
1381/150 747/100
553/60 37/5
461/50 2213/300
692/75 733/100
692/75 379/50
6923/750 3801/500
277/30 457/60
3463/375 3687/500
231/25 2221/300
1387/150 186/25
1387/150 769/100
3469/375 3731/500
694/75 2243/300
2777/300 737/100
2777/300 381/50
463/50 2279/300
139/15 151/20
2783/300 187/25
232/25 2237/300
1393/150 741/100
6971/750 3727/500
2789/300 759/100
93/10 449/60
698/75 727/100
698/75 188/25
698/75 777/100
6983/750 3771/500
1397/150 2267/300
559/60 149/20
559/60 77/10
6989/750 3793/500
233/25 2303/300
1399/150 763/100
28/3 91/12
2801/300 731/100
2801/300 189/25
467/50 2261/300
701/75 749/100
1403/150 2233/300
2807/300 371/50
2807/300 767/100
234/25 2219/300
281/30 147/20
703/75 2191/300
7031/750 3697/500
2813/300 182/25
2813/300 753/100
469/50 2227/300
7037/750 3719/500
704/75 721/100
704/75 373/50
704/75 771/100
1409/150 2249/300
2819/300 739/100
7049/750 3763/500
1411/150 757/100
706/75 2257/300
113/12 15/2
707/75 743/100
283/30 443/60
2831/300 184/25
2831/300 761/100
236/25 2251/300
3541/375 3759/500
1417/150 729/100
1417/150 377/50
709/75 2273/300
3547/375 3803/500
473/50 2209/300
7097/750 3689/500
142/15 37/5
142/15 153/20
1421/150 2281/300
2843/300 379/50
1423/150 751/100
713/75 737/100
1429/150 187/25
143/15 451/60
716/75 759/100
2867/300 188/25
287/30 149/20
722/75 753/100
112
3  0 3 2
4  1 2 4 5
3  1 5 6
3  2 3 4
4  3 8 7 4
3  3 9 8
3  3 10 9
3  4 7 5
3  5 7 6
3  6 7 11
3  6 13 17
3  6 12 13
3  6 11 12
4  7 8 15 16
4  7 19 23 11
3  7 18 19
3  7 16 18
4  8 9 14 15
3  9 10 14
3  10 20 14
3  10 49 20
3  10 41 49
3  10 30 41
4  11 23 22 12
4  12 22 21 13
3  13 21 17
4  14 20 26 15
3  15 26 16
4  16 26 25 18
4  17 21 39 38
3  17 36 32
3  17 38 36
4  18 25 24 19
3  19 24 23
4  20 49 48 26
4  21 22 28 39
3  22 23 28
4  23 24 29 31
4  23 34 37 28
3  23 33 34
3  23 31 33
4  24 25 27 29
3  25 26 27
3  26 35 27
4  26 46 45 35
3  26 48 46
4  27 35 44 29
3  28 37 39
3  29 44 31
4  30 52 50 41
4  31 44 43 33
4  33 43 42 34
4  34 42 40 37
3  35 45 44
4  36 38 47 58
3  37 40 39
3  38 39 47
4  39 40 62 68
3  39 78 47
3  39 68 78
3  40 42 62
3  41 50 49
4  42 43 53 62
3  43 44 53
4  44 45 55 57
4  44 59 61 53
3  44 57 59
4  45 46 54 55
4  46 48 51 54
3  47 78 58
3  48 49 51
3  49 60 51
4  49 50 71 67
4  49 67 66 60
3  50 52 71
4  51 60 65 54
3  52 56 71
3  53 61 62
3  54 65 55
3  55 65 57
4  57 65 64 59
4  59 64 63 61
3  60 66 65
3  61 63 62
4  62 63 70 72
4  62 73 74 68
3  62 72 73
4  63 64 69 70
3  64 65 69
4  65 66 76 77
4  65 77 81 69
4  66 67 75 76
3  67 71 75
3  68 74 78
3  69 81 70
3  70 81 72
3  71 82 75
4  72 81 80 73
4  73 80 79 74
3  74 79 78
3  75 82 76
3  76 82 77
3  77 82 81
3  78 79 85
3  79 80 85
4  80 81 84 85
3  81 82 83
3  81 83 84
3  82 87 83
4  83 87 86 84
3  84 86 85
3  85 86 88
