89
47/5 77/10
473/50 389/50
947/100 771/100
237/25 191/25
712/75 1157/150
19/2 31/4
238/25 393/50
477/50 193/25
191/20 153/20
1433/150 572/75
239/25 379/50
239/25 783/100
2391/250 1963/250
287/30 118/15
1196/125 953/125
718/75 574/75
479/50 769/100
479/50 397/50
1198/125 964/125
719/75 1159/150
959/100 381/50
959/100 787/100
1439/150 1177/150
48/5 39/5
961/100 773/100
721/75 578/75
481/50 383/50
2407/250 963/125
963/100 196/25
289/30 116/15
241/25 188/25
241/25 777/100
241/25 401/50
2411/250 974/125
1447/150 1171/150
193/20 77/10
193/20 159/20
2413/250 1959/250
724/75 1189/150
483/50 197/25
29/3 47/6
967/100 189/25
967/100 781/100
1451/150 584/75
242/25 387/50
1453/150 577/75
969/100 767/100
969/100 198/25
727/75 1147/150
97/10 38/5
728/75 1133/150
2427/250 1911/250
971/100 753/100
971/100 389/50
1457/150 1151/150
2429/250 961/125
243/25 373/50
243/25 771/100
243/25 199/25
1459/150 581/75
973/100 191/25
2433/250 972/125
487/50 391/50
731/75 583/75
39/4 31/4
244/25 192/25
293/30 229/30
977/100 761/100
977/100 393/50
733/75 1163/150
1222/125 971/125
489/50 377/50
489/50 779/100
734/75 587/75
1224/125 982/125
1469/150 571/75
2449/250 1907/250
49/5 153/20
49/5 79/10
1471/150 589/75
981/100 783/100
491/50 194/25
246/25 381/50
493/50 773/100
148/15 233/30
247/25 196/25
989/100 777/100
99/10 77/10
249/25 389/50
112
3  0 3 2
4  1 2 4 5
3  1 5 6
3  2 3 4
4  3 8 7 4
3  3 9 8
3  3 10 9
3  4 7 5
3  5 7 6
3  6 7 11
3  6 13 17
3  6 12 13
3  6 11 12
4  7 8 15 16
4  7 19 23 11
3  7 18 19
3  7 16 18
4  8 9 14 15
3  9 10 14
3  10 20 14
3  10 49 20
3  10 41 49
3  10 30 41
4  11 23 22 12
4  12 22 21 13
3  13 21 17
4  14 20 26 15
3  15 26 16
4  16 26 25 18
4  17 21 39 38
3  17 36 32
3  17 38 36
4  18 25 24 19
3  19 24 23
4  20 49 48 26
4  21 22 28 39
3  22 23 28
4  23 24 29 31
4  23 34 37 28
3  23 33 34
3  23 31 33
4  24 25 27 29
3  25 26 27
3  26 35 27
4  26 46 45 35
3  26 48 46
4  27 35 44 29
3  28 37 39
3  29 44 31
4  30 52 50 41
4  31 44 43 33
4  33 43 42 34
4  34 42 40 37
3  35 45 44
4  36 38 47 58
3  37 40 39
3  38 39 47
4  39 40 62 68
3  39 78 47
3  39 68 78
3  40 42 62
3  41 50 49
4  42 43 53 62
3  43 44 53
4  44 45 55 57
4  44 59 61 53
3  44 57 59
4  45 46 54 55
4  46 48 51 54
3  47 78 58
3  48 49 51
3  49 60 51
4  49 50 71 67
4  49 67 66 60
3  50 52 71
4  51 60 65 54
3  52 56 71
3  53 61 62
3  54 65 55
3  55 65 57
4  57 65 64 59
4  59 64 63 61
3  60 66 65
3  61 63 62
4  62 63 70 72
4  62 73 74 68
3  62 72 73
4  63 64 69 70
3  64 65 69
4  65 66 76 77
4  65 77 81 69
4  66 67 75 76
3  67 71 75
3  68 74 78
3  69 81 70
3  70 81 72
3  71 82 75
4  72 81 80 73
4  73 80 79 74
3  74 79 78
3  75 82 76
3  76 82 77
3  77 82 81
3  78 79 85
3  79 80 85
4  80 81 84 85
3  81 82 83
3  81 83 84
3  82 87 83
4  83 87 86 84
3  84 86 85
3  85 86 88
