89
146/15 159/20
1469/150 803/100
2941/300 199/25
736/75 789/100
737/75 2389/300
59/6 8/1
739/75 811/100
1481/150 797/100
593/60 79/10
1483/150 2363/300
742/75 783/100
742/75 202/25
7423/750 4051/500
99/10 487/60
3713/375 3937/500
743/75 2371/300
1487/150 397/50
1487/150 819/100
3719/375 3981/500
248/25 2393/300
2977/300 787/100
2977/300 203/25
1489/150 2429/300
149/15 161/20
2983/300 399/50
746/75 2387/300
1493/150 791/100
7471/750 3977/500
2989/300 809/100
299/30 479/60
748/75 777/100
748/75 401/50
748/75 827/100
7483/750 4021/500
499/50 2417/300
599/60 159/20
599/60 41/5
7489/750 4043/500
749/75 2453/300
1499/150 813/100
10/1 97/12
3001/300 781/100
3001/300 403/50
1501/150 2411/300
751/75 799/100
501/50 2383/300
3007/300 198/25
3007/300 817/100
752/75 2369/300
301/30 157/20
251/25 2341/300
7531/750 3947/500
3013/300 389/50
3013/300 803/100
1507/150 2377/300
7537/750 3969/500
754/75 771/100
754/75 199/25
754/75 821/100
503/50 2399/300
3019/300 789/100
7549/750 4013/500
1511/150 807/100
252/25 2407/300
121/12 8/1
757/75 793/100
101/10 473/60
3031/300 393/50
3031/300 811/100
758/75 2401/300
3791/375 4009/500
1517/150 779/100
1517/150 201/25
253/25 2423/300
3797/375 4053/500
1519/150 2359/300
7597/750 3939/500
152/15 79/10
152/15 163/20
507/50 2431/300
3043/300 202/25
1523/150 801/100
763/75 787/100
1529/150 399/50
51/5 481/60
766/75 809/100
3067/300 401/50
307/30 159/20
772/75 803/100
112
3  0 3 2
4  1 2 4 5
3  1 5 6
3  2 3 4
4  3 8 7 4
3  3 9 8
3  3 10 9
3  4 7 5
3  5 7 6
3  6 7 11
3  6 13 17
3  6 12 13
3  6 11 12
4  7 8 15 16
4  7 19 23 11
3  7 18 19
3  7 16 18
4  8 9 14 15
3  9 10 14
3  10 20 14
3  10 49 20
3  10 41 49
3  10 30 41
4  11 23 22 12
4  12 22 21 13
3  13 21 17
4  14 20 26 15
3  15 26 16
4  16 26 25 18
4  17 21 39 38
3  17 36 32
3  17 38 36
4  18 25 24 19
3  19 24 23
4  20 49 48 26
4  21 22 28 39
3  22 23 28
4  23 24 29 31
4  23 34 37 28
3  23 33 34
3  23 31 33
4  24 25 27 29
3  25 26 27
3  26 35 27
4  26 46 45 35
3  26 48 46
4  27 35 44 29
3  28 37 39
3  29 44 31
4  30 52 50 41
4  31 44 43 33
4  33 43 42 34
4  34 42 40 37
3  35 45 44
4  36 38 47 58
3  37 40 39
3  38 39 47
4  39 40 62 68
3  39 78 47
3  39 68 78
3  40 42 62
3  41 50 49
4  42 43 53 62
3  43 44 53
4  44 45 55 57
4  44 59 61 53
3  44 57 59
4  45 46 54 55
4  46 48 51 54
3  47 78 58
3  48 49 51
3  49 60 51
4  49 50 71 67
4  49 67 66 60
3  50 52 71
4  51 60 65 54
3  52 56 71
3  53 61 62
3  54 65 55
3  55 65 57
4  57 65 64 59
4  59 64 63 61
3  60 66 65
3  61 63 62
4  62 63 70 72
4  62 73 74 68
3  62 72 73
4  63 64 69 70
3  64 65 69
4  65 66 76 77
4  65 77 81 69
4  66 67 75 76
3  67 71 75
3  68 74 78
3  69 81 70
3  70 81 72
3  71 82 75
4  72 81 80 73
4  73 80 79 74
3  74 79 78
3  75 82 76
3  76 82 77
3  77 82 81
3  78 79 85
3  79 80 85
4  80 81 84 85
3  81 82 83
3  81 83 84
3  82 87 83
4  83 87 86 84
3  84 86 85
3  85 86 88
