89
151/15 41/5
1519/150 207/25
3041/300 821/100
761/75 407/50
254/25 616/75
61/6 33/4
764/75 209/25
1531/150 411/50
613/60 163/20
511/50 1219/150
767/75 202/25
767/75 833/100
7673/750 1044/125
307/30 251/30
3838/375 2031/250
256/25 1223/150
1537/150 819/100
1537/150 211/25
3844/375 2053/250
769/75 617/75
3077/300 203/25
3077/300 837/100
513/50 626/75
154/15 83/10
3083/300 823/100
257/25 1231/150
1543/150 204/25
7721/750 2051/250
3089/300 417/50
103/10 247/30
773/75 401/50
773/75 827/100
773/75 213/25
7733/750 2073/250
1547/150 623/75
619/60 41/5
619/60 169/20
7739/750 1042/125
258/25 632/75
1549/150 419/50
31/3 25/3
3101/300 403/50
3101/300 831/100
517/50 1243/150
776/75 206/25
1553/150 1229/150
3107/300 817/100
3107/300 421/50
259/25 611/75
311/30 81/10
778/75 604/75
7781/750 1018/125
3113/300 803/100
3113/300 207/25
519/50 613/75
7787/750 2047/250
779/75 199/25
779/75 821/100
779/75 423/50
1559/150 1237/150
3119/300 407/50
7799/750 2069/250
1561/150 208/25
781/75 1241/150
125/12 33/4
782/75 409/50
313/30 122/15
3131/300 811/100
3131/300 209/25
261/25 619/75
3916/375 2067/250
1567/150 201/25
1567/150 829/100
784/75 1249/150
3922/375 2089/250
523/50 1217/150
7847/750 1016/125
157/15 163/20
157/15 42/5
1571/150 1253/150
3143/300 833/100
1573/150 413/50
788/75 203/25
1579/150 823/100
158/15 124/15
791/75 417/50
3167/300 827/100
317/30 41/5
797/75 207/25
112
3  0 3 2
4  1 2 4 5
3  1 5 6
3  2 3 4
4  3 8 7 4
3  3 9 8
3  3 10 9
3  4 7 5
3  5 7 6
3  6 7 11
3  6 13 17
3  6 12 13
3  6 11 12
4  7 8 15 16
4  7 19 23 11
3  7 18 19
3  7 16 18
4  8 9 14 15
3  9 10 14
3  10 20 14
3  10 49 20
3  10 41 49
3  10 30 41
4  11 23 22 12
4  12 22 21 13
3  13 21 17
4  14 20 26 15
3  15 26 16
4  16 26 25 18
4  17 21 39 38
3  17 36 32
3  17 38 36
4  18 25 24 19
3  19 24 23
4  20 49 48 26
4  21 22 28 39
3  22 23 28
4  23 24 29 31
4  23 34 37 28
3  23 33 34
3  23 31 33
4  24 25 27 29
3  25 26 27
3  26 35 27
4  26 46 45 35
3  26 48 46
4  27 35 44 29
3  28 37 39
3  29 44 31
4  30 52 50 41
4  31 44 43 33
4  33 43 42 34
4  34 42 40 37
3  35 45 44
4  36 38 47 58
3  37 40 39
3  38 39 47
4  39 40 62 68
3  39 78 47
3  39 68 78
3  40 42 62
3  41 50 49
4  42 43 53 62
3  43 44 53
4  44 45 55 57
4  44 59 61 53
3  44 57 59
4  45 46 54 55
4  46 48 51 54
3  47 78 58
3  48 49 51
3  49 60 51
4  49 50 71 67
4  49 67 66 60
3  50 52 71
4  51 60 65 54
3  52 56 71
3  53 61 62
3  54 65 55
3  55 65 57
4  57 65 64 59
4  59 64 63 61
3  60 66 65
3  61 63 62
4  62 63 70 72
4  62 73 74 68
3  62 72 73
4  63 64 69 70
3  64 65 69
4  65 66 76 77
4  65 77 81 69
4  66 67 75 76
3  67 71 75
3  68 74 78
3  69 81 70
3  70 81 72
3  71 82 75
4  72 81 80 73
4  73 80 79 74
3  74 79 78
3  75 82 76
3  76 82 77
3  77 82 81
3  78 79 85
3  79 80 85
4  80 81 84 85
3  81 82 83
3  81 83 84
3  82 87 83
4  83 87 86 84
3  84 86 85
3  85 86 88
