89
52/5 169/20
523/50 853/100
1047/100 423/50
262/25 839/100
787/75 2539/300
21/2 17/2
263/25 861/100
527/50 847/100
211/20 42/5
1583/150 2513/300
264/25 833/100
264/25 429/50
2641/250 4301/500
317/30 517/60
1321/125 4187/500
793/75 2521/300
529/50 211/25
529/50 869/100
1323/125 4231/500
794/75 2543/300
1059/100 837/100
1059/100 431/50
1589/150 2579/300
53/5 171/20
1061/100 212/25
796/75 2537/300
531/50 841/100
2657/250 4227/500
1063/100 859/100
319/30 509/60
266/25 827/100
266/25 213/25
266/25 877/100
2661/250 4271/500
1597/150 2567/300
213/20 169/20
213/20 87/10
2663/250 4293/500
799/75 2603/300
533/50 863/100
32/3 103/12
1067/100 831/100
1067/100 214/25
1601/150 2561/300
267/25 849/100
1603/150 2533/300
1069/100 421/50
1069/100 867/100
802/75 2519/300
107/10 167/20
803/75 2491/300
2677/250 4197/500
1071/100 207/25
1071/100 853/100
1607/150 2527/300
2679/250 4219/500
268/25 821/100
268/25 423/50
268/25 871/100
1609/150 2549/300
1073/100 839/100
2683/250 4263/500
537/50 857/100
806/75 2557/300
43/4 17/2
269/25 843/100
323/30 503/60
1077/100 209/25
1077/100 861/100
808/75 2551/300
1347/125 4259/500
539/50 829/100
539/50 427/50
809/75 2573/300
1349/125 4303/500
1619/150 2509/300
2699/250 4189/500
54/5 42/5
54/5 173/20
1621/150 2581/300
1081/100 429/50
541/50 851/100
271/25 837/100
543/50 212/25
163/15 511/60
272/25 859/100
1089/100 213/25
109/10 169/20
274/25 853/100
112
3  0 3 2
4  1 2 4 5
3  1 5 6
3  2 3 4
4  3 8 7 4
3  3 9 8
3  3 10 9
3  4 7 5
3  5 7 6
3  6 7 11
3  6 13 17
3  6 12 13
3  6 11 12
4  7 8 15 16
4  7 19 23 11
3  7 18 19
3  7 16 18
4  8 9 14 15
3  9 10 14
3  10 20 14
3  10 49 20
3  10 41 49
3  10 30 41
4  11 23 22 12
4  12 22 21 13
3  13 21 17
4  14 20 26 15
3  15 26 16
4  16 26 25 18
4  17 21 39 38
3  17 36 32
3  17 38 36
4  18 25 24 19
3  19 24 23
4  20 49 48 26
4  21 22 28 39
3  22 23 28
4  23 24 29 31
4  23 34 37 28
3  23 33 34
3  23 31 33
4  24 25 27 29
3  25 26 27
3  26 35 27
4  26 46 45 35
3  26 48 46
4  27 35 44 29
3  28 37 39
3  29 44 31
4  30 52 50 41
4  31 44 43 33
4  33 43 42 34
4  34 42 40 37
3  35 45 44
4  36 38 47 58
3  37 40 39
3  38 39 47
4  39 40 62 68
3  39 78 47
3  39 68 78
3  40 42 62
3  41 50 49
4  42 43 53 62
3  43 44 53
4  44 45 55 57
4  44 59 61 53
3  44 57 59
4  45 46 54 55
4  46 48 51 54
3  47 78 58
3  48 49 51
3  49 60 51
4  49 50 71 67
4  49 67 66 60
3  50 52 71
4  51 60 65 54
3  52 56 71
3  53 61 62
3  54 65 55
3  55 65 57
4  57 65 64 59
4  59 64 63 61
3  60 66 65
3  61 63 62
4  62 63 70 72
4  62 73 74 68
3  62 72 73
4  63 64 69 70
3  64 65 69
4  65 66 76 77
4  65 77 81 69
4  66 67 75 76
3  67 71 75
3  68 74 78
3  69 81 70
3  70 81 72
3  71 82 75
4  72 81 80 73
4  73 80 79 74
3  74 79 78
3  75 82 76
3  76 82 77
3  77 82 81
3  78 79 85
3  79 80 85
4  80 81 84 85
3  81 82 83
3  81 83 84
3  82 87 83
4  83 87 86 84
3  84 86 85
3  85 86 88
