89
161/15 87/10
1619/150 439/50
3241/300 871/100
811/75 216/25
812/75 1307/150
65/6 35/4
814/75 443/50
1631/150 218/25
653/60 173/20
1633/150 647/75
817/75 429/50
817/75 883/100
8173/750 2213/250
109/10 133/15
4088/375 1078/125
818/75 649/75
1637/150 869/100
1637/150 447/50
4094/375 1089/125
273/25 1309/150
3277/300 431/50
3277/300 887/100
1639/150 1327/150
164/15 44/5
3283/300 873/100
821/75 653/75
1643/150 433/50
8221/750 1088/125
3289/300 221/25
329/30 131/15
823/75 213/25
823/75 877/100
823/75 451/50
8233/750 1099/125
549/50 1321/150
659/60 87/10
659/60 179/20
8239/750 2209/250
824/75 1339/150
1649/150 222/25
11/1 53/6
3301/300 214/25
3301/300 881/100
1651/150 659/75
826/75 437/50
551/50 652/75
3307/300 867/100
3307/300 223/25
827/75 1297/150
331/30 43/5
276/25 1283/150
8281/750 2161/250
3313/300 853/100
3313/300 439/50
1657/150 1301/150
8287/750 1086/125
829/75 423/50
829/75 871/100
829/75 224/25
553/50 656/75
3319/300 216/25
8299/750 1097/125
1661/150 441/50
277/25 658/75
133/12 35/4
832/75 217/25
111/10 259/30
3331/300 861/100
3331/300 443/50
833/75 1313/150
4166/375 1096/125
1667/150 427/50
1667/150 879/100
278/25 662/75
4172/375 1107/125
1669/150 646/75
8347/750 2157/250
167/15 173/20
167/15 89/10
557/50 664/75
3343/300 883/100
1673/150 219/25
838/75 431/50
1679/150 873/100
56/5 263/30
841/75 221/25
3367/300 877/100
337/30 87/10
847/75 439/50
112
3  0 3 2
4  1 2 4 5
3  1 5 6
3  2 3 4
4  3 8 7 4
3  3 9 8
3  3 10 9
3  4 7 5
3  5 7 6
3  6 7 11
3  6 13 17
3  6 12 13
3  6 11 12
4  7 8 15 16
4  7 19 23 11
3  7 18 19
3  7 16 18
4  8 9 14 15
3  9 10 14
3  10 20 14
3  10 49 20
3  10 41 49
3  10 30 41
4  11 23 22 12
4  12 22 21 13
3  13 21 17
4  14 20 26 15
3  15 26 16
4  16 26 25 18
4  17 21 39 38
3  17 36 32
3  17 38 36
4  18 25 24 19
3  19 24 23
4  20 49 48 26
4  21 22 28 39
3  22 23 28
4  23 24 29 31
4  23 34 37 28
3  23 33 34
3  23 31 33
4  24 25 27 29
3  25 26 27
3  26 35 27
4  26 46 45 35
3  26 48 46
4  27 35 44 29
3  28 37 39
3  29 44 31
4  30 52 50 41
4  31 44 43 33
4  33 43 42 34
4  34 42 40 37
3  35 45 44
4  36 38 47 58
3  37 40 39
3  38 39 47
4  39 40 62 68
3  39 78 47
3  39 68 78
3  40 42 62
3  41 50 49
4  42 43 53 62
3  43 44 53
4  44 45 55 57
4  44 59 61 53
3  44 57 59
4  45 46 54 55
4  46 48 51 54
3  47 78 58
3  48 49 51
3  49 60 51
4  49 50 71 67
4  49 67 66 60
3  50 52 71
4  51 60 65 54
3  52 56 71
3  53 61 62
3  54 65 55
3  55 65 57
4  57 65 64 59
4  59 64 63 61
3  60 66 65
3  61 63 62
4  62 63 70 72
4  62 73 74 68
3  62 72 73
4  63 64 69 70
3  64 65 69
4  65 66 76 77
4  65 77 81 69
4  66 67 75 76
3  67 71 75
3  68 74 78
3  69 81 70
3  70 81 72
3  71 82 75
4  72 81 80 73
4  73 80 79 74
3  74 79 78
3  75 82 76
3  76 82 77
3  77 82 81
3  78 79 85
3  79 80 85
4  80 81 84 85
3  81 82 83
3  81 83 84
3  82 87 83
4  83 87 86 84
3  84 86 85
3  85 86 88
