89
166/15 179/20
1669/150 903/100
3341/300 224/25
836/75 889/100
279/25 2689/300
67/6 9/1
839/75 911/100
1681/150 897/100
673/60 89/10
561/50 2663/300
842/75 883/100
842/75 227/25
8423/750 4551/500
337/30 547/60
4213/375 4437/500
281/25 2671/300
1687/150 447/50
1687/150 919/100
4219/375 4481/500
844/75 2693/300
3377/300 887/100
3377/300 228/25
563/50 2729/300
169/15 181/20
3383/300 449/50
282/25 2687/300
1693/150 891/100
8471/750 4477/500
3389/300 909/100
113/10 539/60
848/75 877/100
848/75 451/50
848/75 927/100
8483/750 4521/500
1697/150 2717/300
679/60 179/20
679/60 46/5
8489/750 4543/500
283/25 2753/300
1699/150 913/100
34/3 109/12
3401/300 881/100
3401/300 453/50
567/50 2711/300
851/75 899/100
1703/150 2683/300
3407/300 223/25
3407/300 917/100
284/25 2669/300
341/30 177/20
853/75 2641/300
8531/750 4447/500
3413/300 439/50
3413/300 903/100
569/50 2677/300
8537/750 4469/500
854/75 871/100
854/75 224/25
854/75 921/100
1709/150 2699/300
3419/300 889/100
8549/750 4513/500
1711/150 907/100
856/75 2707/300
137/12 9/1
857/75 893/100
343/30 533/60
3431/300 443/50
3431/300 911/100
286/25 2701/300
4291/375 4509/500
1717/150 879/100
1717/150 226/25
859/75 2723/300
4297/375 4553/500
573/50 2659/300
8597/750 4439/500
172/15 89/10
172/15 183/20
1721/150 2731/300
3443/300 227/25
1723/150 901/100
863/75 887/100
1729/150 449/50
173/15 541/60
866/75 909/100
3467/300 451/50
347/30 179/20
872/75 903/100
112
3  0 3 2
4  1 2 4 5
3  1 5 6
3  2 3 4
4  3 8 7 4
3  3 9 8
3  3 10 9
3  4 7 5
3  5 7 6
3  6 7 11
3  6 13 17
3  6 12 13
3  6 11 12
4  7 8 15 16
4  7 19 23 11
3  7 18 19
3  7 16 18
4  8 9 14 15
3  9 10 14
3  10 20 14
3  10 49 20
3  10 41 49
3  10 30 41
4  11 23 22 12
4  12 22 21 13
3  13 21 17
4  14 20 26 15
3  15 26 16
4  16 26 25 18
4  17 21 39 38
3  17 36 32
3  17 38 36
4  18 25 24 19
3  19 24 23
4  20 49 48 26
4  21 22 28 39
3  22 23 28
4  23 24 29 31
4  23 34 37 28
3  23 33 34
3  23 31 33
4  24 25 27 29
3  25 26 27
3  26 35 27
4  26 46 45 35
3  26 48 46
4  27 35 44 29
3  28 37 39
3  29 44 31
4  30 52 50 41
4  31 44 43 33
4  33 43 42 34
4  34 42 40 37
3  35 45 44
4  36 38 47 58
3  37 40 39
3  38 39 47
4  39 40 62 68
3  39 78 47
3  39 68 78
3  40 42 62
3  41 50 49
4  42 43 53 62
3  43 44 53
4  44 45 55 57
4  44 59 61 53
3  44 57 59
4  45 46 54 55
4  46 48 51 54
3  47 78 58
3  48 49 51
3  49 60 51
4  49 50 71 67
4  49 67 66 60
3  50 52 71
4  51 60 65 54
3  52 56 71
3  53 61 62
3  54 65 55
3  55 65 57
4  57 65 64 59
4  59 64 63 61
3  60 66 65
3  61 63 62
4  62 63 70 72
4  62 73 74 68
3  62 72 73
4  63 64 69 70
3  64 65 69
4  65 66 76 77
4  65 77 81 69
4  66 67 75 76
3  67 71 75
3  68 74 78
3  69 81 70
3  70 81 72
3  71 82 75
4  72 81 80 73
4  73 80 79 74
3  74 79 78
3  75 82 76
3  76 82 77
3  77 82 81
3  78 79 85
3  79 80 85
4  80 81 84 85
3  81 82 83
3  81 83 84
3  82 87 83
4  83 87 86 84
3  84 86 85
3  85 86 88
