89
57/5 46/5
573/50 232/25
1147/100 921/100
287/25 457/50
862/75 691/75
23/2 37/4
288/25 234/25
577/50 461/50
231/20 183/20
1733/150 1369/150
289/25 227/25
289/25 933/100
2891/250 1169/125
347/30 281/30
1446/125 2281/250
868/75 1373/150
579/50 919/100
579/50 236/25
1448/125 2303/250
869/75 692/75
1159/100 228/25
1159/100 937/100
1739/150 701/75
58/5 93/10
1161/100 923/100
871/75 1381/150
581/50 229/25
2907/250 2301/250
1163/100 467/50
349/30 277/30
291/25 451/50
291/25 927/100
291/25 238/25
2911/250 2323/250
1747/150 698/75
233/20 46/5
233/20 189/20
2913/250 1167/125
874/75 707/75
583/50 469/50
35/3 28/3
1167/100 453/50
1167/100 931/100
1751/150 1393/150
292/25 231/25
1753/150 1379/150
1169/100 917/100
1169/100 471/50
877/75 686/75
117/10 91/10
878/75 679/75
2927/250 1143/125
1171/100 903/100
1171/100 232/25
1757/150 688/75
2929/250 2297/250
293/25 224/25
293/25 921/100
293/25 473/50
1759/150 1387/150
1173/100 457/50
2933/250 2319/250
587/50 233/25
881/75 1391/150
47/4 37/4
294/25 459/50
353/30 137/15
1177/100 911/100
1177/100 234/25
883/75 694/75
1472/125 2317/250
589/50 226/25
589/50 929/100
884/75 1399/150
1474/125 2339/250
1769/150 1367/150
2949/250 1141/125
59/5 183/20
59/5 47/5
1771/150 1403/150
1181/100 933/100
591/50 463/50
296/25 228/25
593/50 923/100
178/15 139/15
297/25 467/50
1189/100 927/100
119/10 46/5
299/25 232/25
112
3  0 3 2
4  1 2 4 5
3  1 5 6
3  2 3 4
4  3 8 7 4
3  3 9 8
3  3 10 9
3  4 7 5
3  5 7 6
3  6 7 11
3  6 13 17
3  6 12 13
3  6 11 12
4  7 8 15 16
4  7 19 23 11
3  7 18 19
3  7 16 18
4  8 9 14 15
3  9 10 14
3  10 20 14
3  10 49 20
3  10 41 49
3  10 30 41
4  11 23 22 12
4  12 22 21 13
3  13 21 17
4  14 20 26 15
3  15 26 16
4  16 26 25 18
4  17 21 39 38
3  17 36 32
3  17 38 36
4  18 25 24 19
3  19 24 23
4  20 49 48 26
4  21 22 28 39
3  22 23 28
4  23 24 29 31
4  23 34 37 28
3  23 33 34
3  23 31 33
4  24 25 27 29
3  25 26 27
3  26 35 27
4  26 46 45 35
3  26 48 46
4  27 35 44 29
3  28 37 39
3  29 44 31
4  30 52 50 41
4  31 44 43 33
4  33 43 42 34
4  34 42 40 37
3  35 45 44
4  36 38 47 58
3  37 40 39
3  38 39 47
4  39 40 62 68
3  39 78 47
3  39 68 78
3  40 42 62
3  41 50 49
4  42 43 53 62
3  43 44 53
4  44 45 55 57
4  44 59 61 53
3  44 57 59
4  45 46 54 55
4  46 48 51 54
3  47 78 58
3  48 49 51
3  49 60 51
4  49 50 71 67
4  49 67 66 60
3  50 52 71
4  51 60 65 54
3  52 56 71
3  53 61 62
3  54 65 55
3  55 65 57
4  57 65 64 59
4  59 64 63 61
3  60 66 65
3  61 63 62
4  62 63 70 72
4  62 73 74 68
3  62 72 73
4  63 64 69 70
3  64 65 69
4  65 66 76 77
4  65 77 81 69
4  66 67 75 76
3  67 71 75
3  68 74 78
3  69 81 70
3  70 81 72
3  71 82 75
4  72 81 80 73
4  73 80 79 74
3  74 79 78
3  75 82 76
3  76 82 77
3  77 82 81
3  78 79 85
3  79 80 85
4  80 81 84 85
3  81 82 83
3  81 83 84
3  82 87 83
4  83 87 86 84
3  84 86 85
3  85 86 88
