89
176/15 189/20
1769/150 953/100
3541/300 473/50
886/75 939/100
887/75 2839/300
71/6 19/2
889/75 961/100
1781/150 947/100
713/60 47/5
1783/150 2813/300
892/75 933/100
892/75 479/50
8923/750 4801/500
119/10 577/60
4463/375 4687/500
893/75 2821/300
1787/150 236/25
1787/150 969/100
4469/375 4731/500
298/25 2843/300
3577/300 937/100
3577/300 481/50
1789/150 2879/300
179/15 191/20
3583/300 237/25
896/75 2837/300
1793/150 941/100
8971/750 4727/500
3589/300 959/100
359/30 569/60
898/75 927/100
898/75 238/25
898/75 977/100
8983/750 4771/500
599/50 2867/300
719/60 189/20
719/60 97/10
8989/750 4793/500
899/75 2903/300
1799/150 963/100
12/1 115/12
3601/300 931/100
3601/300 239/25
1801/150 2861/300
901/75 949/100
601/50 2833/300
3607/300 471/50
3607/300 967/100
902/75 2819/300
361/30 187/20
301/25 2791/300
9031/750 4697/500
3613/300 232/25
3613/300 953/100
1807/150 2827/300
9037/750 4719/500
904/75 921/100
904/75 473/50
904/75 971/100
603/50 2849/300
3619/300 939/100
9049/750 4763/500
1811/150 957/100
302/25 2857/300
145/12 19/2
907/75 943/100
121/10 563/60
3631/300 234/25
3631/300 961/100
908/75 2851/300
4541/375 4759/500
1817/150 929/100
1817/150 477/50
303/25 2873/300
4547/375 4803/500
1819/150 2809/300
9097/750 4689/500
182/15 47/5
182/15 193/20
607/50 2881/300
3643/300 479/50
1823/150 951/100
913/75 937/100
1829/150 237/25
61/5 571/60
916/75 959/100
3667/300 238/25
367/30 189/20
922/75 953/100
112
3  0 3 2
4  1 2 4 5
3  1 5 6
3  2 3 4
4  3 8 7 4
3  3 9 8
3  3 10 9
3  4 7 5
3  5 7 6
3  6 7 11
3  6 13 17
3  6 12 13
3  6 11 12
4  7 8 15 16
4  7 19 23 11
3  7 18 19
3  7 16 18
4  8 9 14 15
3  9 10 14
3  10 20 14
3  10 49 20
3  10 41 49
3  10 30 41
4  11 23 22 12
4  12 22 21 13
3  13 21 17
4  14 20 26 15
3  15 26 16
4  16 26 25 18
4  17 21 39 38
3  17 36 32
3  17 38 36
4  18 25 24 19
3  19 24 23
4  20 49 48 26
4  21 22 28 39
3  22 23 28
4  23 24 29 31
4  23 34 37 28
3  23 33 34
3  23 31 33
4  24 25 27 29
3  25 26 27
3  26 35 27
4  26 46 45 35
3  26 48 46
4  27 35 44 29
3  28 37 39
3  29 44 31
4  30 52 50 41
4  31 44 43 33
4  33 43 42 34
4  34 42 40 37
3  35 45 44
4  36 38 47 58
3  37 40 39
3  38 39 47
4  39 40 62 68
3  39 78 47
3  39 68 78
3  40 42 62
3  41 50 49
4  42 43 53 62
3  43 44 53
4  44 45 55 57
4  44 59 61 53
3  44 57 59
4  45 46 54 55
4  46 48 51 54
3  47 78 58
3  48 49 51
3  49 60 51
4  49 50 71 67
4  49 67 66 60
3  50 52 71
4  51 60 65 54
3  52 56 71
3  53 61 62
3  54 65 55
3  55 65 57
4  57 65 64 59
4  59 64 63 61
3  60 66 65
3  61 63 62
4  62 63 70 72
4  62 73 74 68
3  62 72 73
4  63 64 69 70
3  64 65 69
4  65 66 76 77
4  65 77 81 69
4  66 67 75 76
3  67 71 75
3  68 74 78
3  69 81 70
3  70 81 72
3  71 82 75
4  72 81 80 73
4  73 80 79 74
3  74 79 78
3  75 82 76
3  76 82 77
3  77 82 81
3  78 79 85
3  79 80 85
4  80 81 84 85
3  81 82 83
3  81 83 84
3  82 87 83
4  83 87 86 84
3  84 86 85
3  85 86 88
