89
191/15 51/5
1919/150 257/25
3841/300 1021/100
961/75 507/50
962/75 766/75
77/6 41/4
964/75 259/25
1931/150 511/50
773/60 203/20
1933/150 1519/150
967/75 252/25
967/75 1033/100
9673/750 1294/125
129/10 311/30
4838/375 2531/250
968/75 1523/150
1937/150 1019/100
1937/150 261/25
4844/375 2553/250
323/25 767/75
3877/300 253/25
3877/300 1037/100
1939/150 776/75
194/15 103/10
3883/300 1023/100
971/75 1531/150
1943/150 254/25
9721/750 2551/250
3889/300 517/50
389/30 307/30
973/75 501/50
973/75 1027/100
973/75 263/25
9733/750 2573/250
649/50 773/75
779/60 51/5
779/60 209/20
9739/750 1292/125
974/75 782/75
1949/150 519/50
13/1 31/3
3901/300 503/50
3901/300 1031/100
1951/150 1543/150
976/75 256/25
651/50 1529/150
3907/300 1017/100
3907/300 521/50
977/75 761/75
391/30 101/10
326/25 754/75
9781/750 1268/125
3913/300 1003/100
3913/300 257/25
1957/150 763/75
9787/750 2547/250
979/75 249/25
979/75 1021/100
979/75 523/50
653/50 1537/150
3919/300 507/50
9799/750 2569/250
1961/150 258/25
327/25 1541/150
157/12 41/4
982/75 509/50
131/10 152/15
3931/300 1011/100
3931/300 259/25
983/75 769/75
4916/375 2567/250
1967/150 251/25
1967/150 1029/100
328/25 1549/150
4922/375 2589/250
1969/150 1517/150
9847/750 1266/125
197/15 203/20
197/15 52/5
657/50 1553/150
3943/300 1033/100
1973/150 513/50
988/75 253/25
1979/150 1023/100
66/5 154/15
991/75 517/50
3967/300 1027/100
397/30 51/5
997/75 257/25
112
3  0 3 2
4  1 2 4 5
3  1 5 6
3  2 3 4
4  3 8 7 4
3  3 9 8
3  3 10 9
3  4 7 5
3  5 7 6
3  6 7 11
3  6 13 17
3  6 12 13
3  6 11 12
4  7 8 15 16
4  7 19 23 11
3  7 18 19
3  7 16 18
4  8 9 14 15
3  9 10 14
3  10 20 14
3  10 49 20
3  10 41 49
3  10 30 41
4  11 23 22 12
4  12 22 21 13
3  13 21 17
4  14 20 26 15
3  15 26 16
4  16 26 25 18
4  17 21 39 38
3  17 36 32
3  17 38 36
4  18 25 24 19
3  19 24 23
4  20 49 48 26
4  21 22 28 39
3  22 23 28
4  23 24 29 31
4  23 34 37 28
3  23 33 34
3  23 31 33
4  24 25 27 29
3  25 26 27
3  26 35 27
4  26 46 45 35
3  26 48 46
4  27 35 44 29
3  28 37 39
3  29 44 31
4  30 52 50 41
4  31 44 43 33
4  33 43 42 34
4  34 42 40 37
3  35 45 44
4  36 38 47 58
3  37 40 39
3  38 39 47
4  39 40 62 68
3  39 78 47
3  39 68 78
3  40 42 62
3  41 50 49
4  42 43 53 62
3  43 44 53
4  44 45 55 57
4  44 59 61 53
3  44 57 59
4  45 46 54 55
4  46 48 51 54
3  47 78 58
3  48 49 51
3  49 60 51
4  49 50 71 67
4  49 67 66 60
3  50 52 71
4  51 60 65 54
3  52 56 71
3  53 61 62
3  54 65 55
3  55 65 57
4  57 65 64 59
4  59 64 63 61
3  60 66 65
3  61 63 62
4  62 63 70 72
4  62 73 74 68
3  62 72 73
4  63 64 69 70
3  64 65 69
4  65 66 76 77
4  65 77 81 69
4  66 67 75 76
3  67 71 75
3  68 74 78
3  69 81 70
3  70 81 72
3  71 82 75
4  72 81 80 73
4  73 80 79 74
3  74 79 78
3  75 82 76
3  76 82 77
3  77 82 81
3  78 79 85
3  79 80 85
4  80 81 84 85
3  81 82 83
3  81 83 84
3  82 87 83
4  83 87 86 84
3  84 86 85
3  85 86 88
