89
196/15 209/20
1969/150 1053/100
3941/300 523/50
986/75 1039/100
329/25 3139/300
79/6 21/2
989/75 1061/100
1981/150 1047/100
793/60 52/5
661/50 3113/300
992/75 1033/100
992/75 529/50
9923/750 5301/500
397/30 637/60
4963/375 5187/500
331/25 3121/300
1987/150 261/25
1987/150 1069/100
4969/375 5231/500
994/75 3143/300
3977/300 1037/100
3977/300 531/50
663/50 3179/300
199/15 211/20
3983/300 262/25
332/25 3137/300
1993/150 1041/100
9971/750 5227/500
3989/300 1059/100
133/10 629/60
998/75 1027/100
998/75 263/25
998/75 1077/100
9983/750 5271/500
1997/150 3167/300
799/60 209/20
799/60 107/10
9989/750 5293/500
333/25 3203/300
1999/150 1063/100
40/3 127/12
4001/300 1031/100
4001/300 264/25
667/50 3161/300
1001/75 1049/100
2003/150 3133/300
4007/300 521/50
4007/300 1067/100
334/25 3119/300
401/30 207/20
1003/75 3091/300
10031/750 5197/500
4013/300 257/25
4013/300 1053/100
669/50 3127/300
10037/750 5219/500
1004/75 1021/100
1004/75 523/50
1004/75 1071/100
2009/150 3149/300
4019/300 1039/100
10049/750 5263/500
2011/150 1057/100
1006/75 3157/300
161/12 21/2
1007/75 1043/100
403/30 623/60
4031/300 259/25
4031/300 1061/100
336/25 3151/300
5041/375 5259/500
2017/150 1029/100
2017/150 527/50
1009/75 3173/300
5047/375 5303/500
673/50 3109/300
10097/750 5189/500
202/15 52/5
202/15 213/20
2021/150 3181/300
4043/300 529/50
2023/150 1051/100
1013/75 1037/100
2029/150 262/25
203/15 631/60
1016/75 1059/100
4067/300 263/25
407/30 209/20
1022/75 1053/100
112
3  0 3 2
4  1 2 4 5
3  1 5 6
3  2 3 4
4  3 8 7 4
3  3 9 8
3  3 10 9
3  4 7 5
3  5 7 6
3  6 7 11
3  6 13 17
3  6 12 13
3  6 11 12
4  7 8 15 16
4  7 19 23 11
3  7 18 19
3  7 16 18
4  8 9 14 15
3  9 10 14
3  10 20 14
3  10 49 20
3  10 41 49
3  10 30 41
4  11 23 22 12
4  12 22 21 13
3  13 21 17
4  14 20 26 15
3  15 26 16
4  16 26 25 18
4  17 21 39 38
3  17 36 32
3  17 38 36
4  18 25 24 19
3  19 24 23
4  20 49 48 26
4  21 22 28 39
3  22 23 28
4  23 24 29 31
4  23 34 37 28
3  23 33 34
3  23 31 33
4  24 25 27 29
3  25 26 27
3  26 35 27
4  26 46 45 35
3  26 48 46
4  27 35 44 29
3  28 37 39
3  29 44 31
4  30 52 50 41
4  31 44 43 33
4  33 43 42 34
4  34 42 40 37
3  35 45 44
4  36 38 47 58
3  37 40 39
3  38 39 47
4  39 40 62 68
3  39 78 47
3  39 68 78
3  40 42 62
3  41 50 49
4  42 43 53 62
3  43 44 53
4  44 45 55 57
4  44 59 61 53
3  44 57 59
4  45 46 54 55
4  46 48 51 54
3  47 78 58
3  48 49 51
3  49 60 51
4  49 50 71 67
4  49 67 66 60
3  50 52 71
4  51 60 65 54
3  52 56 71
3  53 61 62
3  54 65 55
3  55 65 57
4  57 65 64 59
4  59 64 63 61
3  60 66 65
3  61 63 62
4  62 63 70 72
4  62 73 74 68
3  62 72 73
4  63 64 69 70
3  64 65 69
4  65 66 76 77
4  65 77 81 69
4  66 67 75 76
3  67 71 75
3  68 74 78
3  69 81 70
3  70 81 72
3  71 82 75
4  72 81 80 73
4  73 80 79 74
3  74 79 78
3  75 82 76
3  76 82 77
3  77 82 81
3  78 79 85
3  79 80 85
4  80 81 84 85
3  81 82 83
3  81 83 84
3  82 87 83
4  83 87 86 84
3  84 86 85
3  85 86 88
