89
67/5 107/10
673/50 539/50
1347/100 1071/100
337/25 266/25
1012/75 1607/150
27/2 43/4
338/25 543/50
677/50 268/25
271/20 213/20
2033/150 797/75
339/25 529/50
339/25 1083/100
3391/250 2713/250
407/30 163/15
1696/125 1328/125
1018/75 799/75
679/50 1069/100
679/50 547/50
1698/125 1339/125
1019/75 1609/150
1359/100 531/50
1359/100 1087/100
2039/150 1627/150
68/5 54/5
1361/100 1073/100
1021/75 803/75
681/50 533/50
3407/250 1338/125
1363/100 271/25
409/30 161/15
341/25 263/25
341/25 1077/100
341/25 551/50
3411/250 1349/125
2047/150 1621/150
273/20 107/10
273/20 219/20
3413/250 2709/250
1024/75 1639/150
683/50 272/25
41/3 65/6
1367/100 264/25
1367/100 1081/100
2051/150 809/75
342/25 537/50
2053/150 802/75
1369/100 1067/100
1369/100 273/25
1027/75 1597/150
137/10 53/5
1028/75 1583/150
3427/250 2661/250
1371/100 1053/100
1371/100 539/50
2057/150 1601/150
3429/250 1336/125
343/25 523/50
343/25 1071/100
343/25 274/25
2059/150 806/75
1373/100 266/25
3433/250 1347/125
687/50 541/50
1031/75 808/75
55/4 43/4
344/25 267/25
413/30 319/30
1377/100 1061/100
1377/100 543/50
1033/75 1613/150
1722/125 1346/125
689/50 527/50
689/50 1079/100
1034/75 812/75
1724/125 1357/125
2069/150 796/75
3449/250 2657/250
69/5 213/20
69/5 109/10
2071/150 814/75
1381/100 1083/100
691/50 269/25
346/25 531/50
693/50 1073/100
208/15 323/30
347/25 271/25
1389/100 1077/100
139/10 107/10
349/25 539/50
112
3  0 3 2
4  1 2 4 5
3  1 5 6
3  2 3 4
4  3 8 7 4
3  3 9 8
3  3 10 9
3  4 7 5
3  5 7 6
3  6 7 11
3  6 13 17
3  6 12 13
3  6 11 12
4  7 8 15 16
4  7 19 23 11
3  7 18 19
3  7 16 18
4  8 9 14 15
3  9 10 14
3  10 20 14
3  10 49 20
3  10 41 49
3  10 30 41
4  11 23 22 12
4  12 22 21 13
3  13 21 17
4  14 20 26 15
3  15 26 16
4  16 26 25 18
4  17 21 39 38
3  17 36 32
3  17 38 36
4  18 25 24 19
3  19 24 23
4  20 49 48 26
4  21 22 28 39
3  22 23 28
4  23 24 29 31
4  23 34 37 28
3  23 33 34
3  23 31 33
4  24 25 27 29
3  25 26 27
3  26 35 27
4  26 46 45 35
3  26 48 46
4  27 35 44 29
3  28 37 39
3  29 44 31
4  30 52 50 41
4  31 44 43 33
4  33 43 42 34
4  34 42 40 37
3  35 45 44
4  36 38 47 58
3  37 40 39
3  38 39 47
4  39 40 62 68
3  39 78 47
3  39 68 78
3  40 42 62
3  41 50 49
4  42 43 53 62
3  43 44 53
4  44 45 55 57
4  44 59 61 53
3  44 57 59
4  45 46 54 55
4  46 48 51 54
3  47 78 58
3  48 49 51
3  49 60 51
4  49 50 71 67
4  49 67 66 60
3  50 52 71
4  51 60 65 54
3  52 56 71
3  53 61 62
3  54 65 55
3  55 65 57
4  57 65 64 59
4  59 64 63 61
3  60 66 65
3  61 63 62
4  62 63 70 72
4  62 73 74 68
3  62 72 73
4  63 64 69 70
3  64 65 69
4  65 66 76 77
4  65 77 81 69
4  66 67 75 76
3  67 71 75
3  68 74 78
3  69 81 70
3  70 81 72
3  71 82 75
4  72 81 80 73
4  73 80 79 74
3  74 79 78
3  75 82 76
3  76 82 77
3  77 82 81
3  78 79 85
3  79 80 85
4  80 81 84 85
3  81 82 83
3  81 83 84
3  82 87 83
4  83 87 86 84
3  84 86 85
3  85 86 88
