62
1/2 1/20
1/2 1/10
1/2 3/20
1/2 1/5
21/40 3/40
11/20 0/1
11/20 1/20
11/20 1/10
11/20 3/20
11/20 1/5
11/20 1/4
23/40 1/40
23/40 1/8
3/5 0/1
3/5 1/20
3/5 1/10
3/5 1/5
3/5 1/4
3/5 3/10
5/8 3/40
13/20 0/1
13/20 1/20
7/10 0/1
7/10 1/20
7/10 1/10
7/10 3/20
7/10 1/4
7/10 3/10
7/10 2/5
3/4 1/20
3/4 3/20
3/4 1/5
3/4 1/4
3/4 3/10
3/4 2/5
3/4 9/20
4/5 1/4
4/5 2/5
4/5 9/20
4/5 1/2
17/20 1/4
17/20 3/10
17/20 9/20
17/20 1/2
7/8 17/40
9/10 3/10
9/10 2/5
9/10 9/20
9/10 1/2
37/40 3/8
37/40 19/40
19/20 1/4
19/20 3/10
19/20 7/20
19/20 2/5
19/20 9/20
19/20 1/2
39/40 17/40
1/1 3/10
1/1 7/20
1/1 2/5
1/1 9/20
66
3  0 4 1
5  0 5 11 6 4
3  1 8 2
3  1 7 8
3  1 4 7
3  2 8 3
3  3 9 10
3  3 8 9
3  4 6 7
3  5 13 11
4  6 14 15 7
3  6 11 14
3  7 12 8
3  7 15 12
3  8 16 9
5  8 12 26 17 16
4  9 16 17 10
3  10 17 18
3  11 13 14
3  13 21 14
3  13 20 21
3  14 19 15
3  14 21 19
4  17 26 27 18
4  19 21 24 25
3  20 22 21
3  21 23 24
3  21 22 23
3  22 29 23
4  23 29 30 24
4  24 30 31 25
8  25 31 32 36 41 33 27 26
4  27 33 34 28
3  28 34 35
4  29 51 40 30
4  30 40 36 31
3  31 36 32
5  33 44 42 37 34
4  34 37 38 35
3  35 38 39
4  36 40 45 41
3  37 42 38
3  38 42 39
3  39 42 43
4  40 51 52 45
4  41 45 53 49
3  42 48 43
3  42 47 48
3  42 44 47
3  44 46 47
3  45 52 53
4  46 54 55 47
3  46 49 54
3  47 50 48
3  47 55 50
3  48 50 56
3  49 53 54
5  50 55 57 61 56
3  51 58 52
3  52 58 53
3  53 60 54
3  53 59 60
3  53 58 59
3  54 57 55
3  54 60 57
3  57 60 61
