47
0/1 1/4
0/1 7/24
1/24 0/1
1/24 1/6
1/24 7/24
1/24 1/3
1/24 5/12
1/24 11/24
1/12 1/4
1/12 7/24
1/12 1/3
1/12 3/8
1/12 5/12
1/12 11/24
1/8 1/4
1/8 7/24
1/8 1/3
1/8 3/8
1/8 5/12
1/6 7/24
1/6 3/8
5/24 0/1
5/24 1/8
5/24 1/6
5/24 1/4
5/24 7/24
5/24 1/3
5/24 5/12
11/48 7/48
1/4 1/8
1/4 1/6
1/4 5/24
1/4 1/4
1/4 7/24
1/4 1/3
1/4 3/8
13/48 3/16
7/24 1/12
7/24 1/8
7/24 1/6
7/24 5/24
7/24 1/4
7/24 1/3
7/24 3/8
7/24 7/12
3/8 1/8
3/8 7/12
55
5  0 8 9 4 1
3  1 4 5
6  2 21 22 28 23 3
3  3 23 14
3  4 9 5
3  5 11 6
3  5 9 10
3  5 10 11
3  6 11 12
4  6 12 13 7
3  8 14 9
3  9 16 10
3  9 14 15
3  9 15 16
3  10 16 11
3  11 18 12
3  11 16 17
3  11 17 18
3  12 18 13
3  14 19 15
5  14 23 30 31 24
3  14 24 19
3  15 19 16
3  16 20 17
3  16 19 26
3  16 26 20
3  17 20 18
3  18 20 27
6  18 27 26 35 43 44
3  19 24 25
3  19 25 26
3  20 26 27
4  21 37 29 22
3  22 29 28
3  23 28 30
3  24 33 25
3  24 31 32
3  24 32 33
3  25 33 26
3  26 33 34
3  26 34 35
3  28 29 30
4  29 38 39 30
3  29 37 38
3  30 36 31
3  30 39 36
4  31 36 40 32
3  32 41 33
3  32 40 41
3  33 42 34
3  33 41 42
4  34 42 43 35
3  36 39 40
4  38 45 40 39
7  40 45 46 44 43 42 41
