78
0/1 11/24
1/24 1/2
1/12 0/1
1/12 1/12
1/12 1/8
1/12 5/24
1/12 1/4
1/12 11/24
1/12 1/2
5/48 5/48
1/8 0/1
1/8 1/24
1/8 1/12
1/8 1/8
1/8 5/24
1/8 1/2
1/6 0/1
1/6 1/24
1/6 1/12
1/6 1/8
1/6 1/6
1/6 11/24
3/16 17/48
5/24 0/1
5/24 1/12
5/24 1/8
11/48 19/48
1/4 1/12
13/48 1/16
7/24 1/12
7/24 11/24
5/16 23/48
1/3 0/1
1/3 1/12
1/3 1/8
1/3 1/6
1/3 5/24
1/3 7/24
1/3 11/24
1/3 1/2
3/8 1/6
3/8 1/4
3/8 5/12
3/8 11/24
3/8 1/2
3/8 13/24
5/12 5/24
5/12 7/24
5/12 3/8
5/12 5/12
5/12 11/24
5/12 1/2
5/12 13/24
11/24 1/12
11/24 1/6
11/24 1/3
11/24 3/8
11/24 11/24
11/24 1/2
11/24 13/24
23/48 17/48
1/2 1/12
1/2 1/6
1/2 1/3
1/2 3/8
1/2 5/12
1/2 11/24
25/48 19/48
13/24 3/8
13/24 5/12
13/24 1/2
7/12 1/3
7/12 3/8
7/12 5/12
7/12 11/24
7/12 1/2
5/8 3/8
5/8 5/12
82
3  0 7 1
3  1 7 8
4  2 10 11 3
3  3 9 4
3  3 12 9
3  3 11 12
3  4 9 13
4  4 13 14 5
3  5 14 6
3  6 22 7
4  6 14 36 22
3  7 15 8
4  7 22 26 21
3  7 21 15
3  9 12 13
3  10 16 11
4  11 16 17 12
4  12 18 19 13
3  12 17 18
3  13 20 14
3  13 19 20
4  14 20 35 36
5  15 21 30 31 39
3  16 23 17
4  17 23 24 18
4  18 24 25 19
3  19 25 20
4  20 25 34 35
3  21 26 30
4  22 36 37 26
4  23 28 27 24
3  23 32 28
3  24 27 25
4  25 27 29 34
4  26 37 38 30
3  27 28 29
4  28 32 33 29
3  29 33 34
3  30 38 31
3  31 38 39
5  33 53 54 40 34
3  34 40 35
3  35 40 36
3  36 41 37
3  36 46 41
3  36 40 46
6  37 41 47 48 42 38
3  38 42 43
3  38 43 39
3  39 43 44
3  39 44 45
5  40 54 55 47 46
3  41 46 47
3  42 48 49
3  42 49 43
3  43 49 50
4  43 50 51 44
4  44 51 52 45
3  47 55 48
3  48 56 49
3  48 55 56
4  49 56 57 50
4  50 57 58 51
4  51 58 59 52
4  53 61 62 54
4  54 62 63 55
3  55 60 56
3  55 63 60
6  56 64 67 65 66 57
3  56 60 64
4  57 66 70 58
5  60 63 71 68 64
3  64 68 67
4  65 69 74 66
3  65 67 69
3  66 74 70
5  67 68 72 73 69
3  68 71 72
3  69 73 74
3  70 74 75
3  71 76 72
4  72 76 77 73
