60
0/1 7/24
0/1 13/24
1/48 11/48
1/24 0/1
1/24 1/24
1/24 5/24
1/24 1/4
1/24 7/24
1/24 11/24
1/24 1/2
1/16 11/48
1/16 13/48
1/12 5/24
1/12 1/4
1/12 7/24
1/12 1/3
1/12 11/24
1/12 1/2
1/12 13/24
5/48 11/48
5/48 5/16
1/8 0/1
1/8 1/24
1/8 1/8
1/8 1/6
1/8 5/24
1/8 1/4
1/8 7/24
1/8 1/3
1/8 3/8
1/8 5/12
1/8 11/24
1/8 13/24
7/48 7/48
7/48 13/48
7/48 19/48
1/6 1/24
1/6 1/12
1/6 1/6
1/6 7/24
1/6 3/8
3/16 1/16
3/16 5/48
3/16 7/16
5/24 1/24
5/24 1/12
5/24 1/8
5/24 5/24
5/24 7/24
5/24 1/3
5/24 3/8
5/24 5/12
5/24 11/24
1/4 1/6
1/4 5/24
1/4 3/8
1/4 5/12
1/4 11/24
1/2 5/12
1/2 13/24
64
3  0 6 7
6  0 7 8 9 18 1
3  2 5 6
4  3 21 22 4
3  4 22 23
3  5 10 6
4  5 23 24 12
3  5 12 10
3  6 11 7
4  6 10 13 11
4  7 15 16 8
3  7 11 14
3  7 14 15
7  8 16 31 32 18 17 9
3  9 17 18
3  10 12 13
3  11 13 14
3  12 19 13
3  12 24 25
3  12 25 19
3  13 27 14
4  13 19 26 27
4  14 20 28 15
3  14 27 20
4  15 29 30 16
3  15 28 29
3  16 30 31
3  19 25 26
3  20 27 28
3  21 36 22
5  22 36 41 37 23
3  23 33 24
4  23 37 42 33
4  24 33 38 25
3  25 38 47
4  25 47 34 26
3  26 34 27
3  27 34 39
4  27 39 49 28
3  28 40 29
3  28 49 40
3  29 35 30
3  29 40 35
5  30 35 43 52 31
3  31 52 32
6  32 52 57 56 58 59
4  33 42 46 38
4  34 47 48 39
4  35 40 51 43
3  36 44 41
4  37 41 45 42
3  38 46 47
3  39 48 49
3  40 49 50
3  40 50 51
3  41 44 45
3  42 45 46
3  43 51 52
3  46 53 47
6  47 54 55 50 49 48
6  47 53 58 56 55 54
3  50 55 51
3  51 55 56
4  51 56 57 52
