67
0/1 1/4
0/1 7/24
1/24 0/1
1/24 1/8
1/24 5/24
1/12 1/8
1/12 5/24
1/12 1/4
1/12 7/24
1/12 1/3
1/12 3/8
1/12 5/12
1/12 11/24
5/48 7/16
1/8 7/24
1/8 1/3
1/8 5/12
1/8 11/24
7/48 5/16
7/48 7/16
1/6 7/24
1/6 1/3
1/6 3/8
1/6 5/12
1/6 11/24
3/16 17/48
5/24 0/1
5/24 1/8
5/24 5/24
5/24 1/4
5/24 7/24
5/24 1/3
5/24 3/8
11/48 17/48
1/4 5/24
1/4 1/4
1/4 7/24
1/4 1/3
1/4 3/8
13/48 5/16
13/48 17/48
7/24 0/1
7/24 1/12
7/24 1/8
7/24 1/6
7/24 1/4
7/24 7/24
7/24 1/3
7/24 3/8
7/24 5/12
5/16 5/16
5/16 17/48
1/3 1/8
1/3 1/4
1/3 7/24
1/3 1/3
1/3 3/8
3/8 1/4
3/8 7/24
3/8 1/3
5/12 5/24
5/12 1/4
5/12 7/24
5/12 3/8
5/12 5/12
11/24 1/4
11/24 3/8
75
4  0 7 8 1
4  1 8 9 10
4  2 26 5 3
4  3 5 6 4
3  4 6 7
3  5 26 27
4  5 27 28 6
4  6 28 29 7
3  7 14 8
4  7 29 20 14
5  8 14 18 15 9
3  9 15 10
4  10 15 21 22
4  10 22 16 11
3  11 13 12
3  11 16 13
3  12 13 17
3  13 16 17
3  14 20 18
3  15 18 21
3  16 19 17
3  16 22 23
3  16 23 19
3  17 19 24
5  18 20 30 31 21
6  19 23 22 32 38 24
3  20 29 30
3  21 25 22
3  21 31 25
3  22 25 32
3  25 31 32
4  26 42 43 27
3  26 41 42
5  27 43 44 34 28
3  28 34 29
3  29 36 30
3  29 34 35
3  29 35 36
3  30 36 31
3  31 33 32
4  31 36 39 37
3  31 37 33
3  32 33 38
5  33 37 47 40 38
3  34 45 35
3  34 44 45
4  35 45 46 36
3  36 46 39
3  37 39 47
3  38 40 48
3  38 48 49
3  39 46 47
3  40 47 48
4  42 52 44 43
4  44 52 53 45
3  45 54 46
3  45 53 54
3  46 50 47
3  46 54 50
3  47 51 48
4  47 50 55 51
3  48 51 56
5  48 56 63 64 49
3  50 54 55
3  51 55 56
4  52 60 57 53
3  53 57 54
4  54 58 59 55
3  54 57 58
3  55 59 56
4  56 59 62 63
4  57 61 62 58
4  57 60 65 61
3  58 62 59
5  61 65 66 63 62
