59
0/1 3/8
0/1 5/12
1/48 19/48
1/24 1/3
1/24 3/8
1/24 5/12
1/24 1/2
1/24 13/24
1/24 5/8
1/24 2/3
1/16 17/48
1/12 7/24
1/12 1/3
1/12 3/8
1/12 5/12
1/12 11/24
1/12 1/2
1/12 13/24
1/12 7/12
1/12 2/3
5/48 5/16
5/48 23/48
1/8 7/24
1/8 1/3
1/8 3/8
1/8 5/12
1/8 11/24
1/8 1/2
1/8 13/24
1/8 5/8
1/8 2/3
1/6 1/3
1/6 3/8
1/6 5/12
1/6 11/24
1/6 13/24
3/16 9/16
5/24 7/24
5/24 1/3
5/24 5/12
5/24 1/2
5/24 13/24
11/48 25/48
1/4 13/24
1/4 5/8
1/3 1/12
1/3 1/6
1/3 7/24
1/3 1/3
5/12 0/1
5/12 1/12
5/12 7/24
5/12 1/3
5/12 5/8
11/24 1/24
11/24 1/12
11/24 7/24
11/24 1/3
11/24 5/8
65
4  0 2 5 1
3  0 3 4
3  0 4 2
3  2 4 5
3  3 10 4
3  3 11 12
3  3 12 10
3  4 14 5
3  4 10 13
3  4 13 14
4  5 15 16 6
3  5 14 15
3  6 16 7
3  7 16 17
4  7 17 18 8
3  8 19 9
3  8 18 19
3  10 12 13
3  11 20 12
3  11 22 20
3  12 20 23
3  12 23 13
3  13 25 14
3  13 23 24
3  13 24 25
3  14 26 15
3  14 25 26
3  15 21 16
3  15 26 21
3  16 28 17
4  16 21 27 28
3  17 28 18
4  18 28 29 19
3  19 29 30
6  20 22 37 31 32 23
3  21 26 27
4  22 45 46 37
3  23 32 24
4  24 32 33 25
5  25 34 35 27 26
3  25 33 34
3  27 35 28
4  28 35 36 29
3  31 37 38
4  31 38 39 32
3  32 39 33
4  33 39 40 34
4  34 40 41 35
3  35 41 36
4  36 41 43 44
3  37 46 47
4  37 47 48 38
6  38 48 52 42 40 39
3  40 42 41
3  41 42 43
5  42 52 53 44 43
3  45 50 46
4  45 49 54 50
4  46 50 51 47
4  47 51 52 48
4  50 55 56 51
3  50 54 55
3  51 56 52
4  52 57 58 53
3  52 56 57
