69
0/1 11/24
0/1 13/24
0/1 17/24
1/24 1/2
1/24 13/24
1/24 7/12
1/24 17/24
1/12 11/24
1/12 1/2
1/12 13/24
5/48 23/48
1/8 11/24
1/8 1/2
1/8 13/24
7/48 25/48
1/6 7/24
1/6 5/12
1/6 11/24
1/6 1/2
1/6 13/24
1/6 7/12
3/16 9/16
5/24 11/24
11/48 17/48
1/4 5/24
1/4 3/8
1/4 1/2
13/48 19/48
7/24 7/24
7/24 1/3
7/24 3/8
7/24 5/12
7/24 11/24
5/16 13/48
5/16 7/16
1/3 7/24
1/3 1/3
1/3 5/12
1/3 11/24
17/48 5/16
3/8 0/1
3/8 5/24
3/8 1/4
3/8 7/24
3/8 1/3
3/8 3/8
3/8 1/2
19/48 11/48
19/48 17/48
5/12 1/24
5/12 1/8
5/12 5/24
5/12 1/4
5/12 7/24
5/12 1/3
5/12 3/8
5/12 1/2
5/12 13/24
11/24 0/1
11/24 1/12
11/24 1/6
11/24 5/24
11/24 7/24
13/24 1/2
13/24 13/24
13/24 7/12
7/12 1/2
7/12 13/24
7/12 7/12
73
5  0 15 16 11 7
4  0 7 3 1
3  1 3 4
5  1 4 5 6 2
3  3 7 8
3  3 8 4
3  4 8 9
5  4 9 13 20 5
3  5 20 6
3  7 10 8
3  7 11 10
3  8 13 9
3  8 10 12
3  8 12 13
4  10 11 17 12
3  11 16 17
3  12 14 13
4  12 17 22 18
3  12 18 14
4  13 14 19 20
3  14 18 19
3  15 23 16
4  15 24 33 28
3  15 28 23
4  16 23 25 17
4  17 25 27 22
4  18 22 32 26
4  18 26 21 19
3  19 21 20
7  20 21 26 46 57 64 65
5  22 27 31 34 32
4  23 28 29 25
4  25 29 30 27
4  26 32 38 46
3  27 30 31
3  28 35 29
3  28 33 35
4  29 35 36 30
4  30 36 37 31
3  31 37 34
3  32 34 38
4  33 41 42 35
3  34 37 38
3  35 39 36
3  35 43 39
3  35 42 43
5  36 39 44 45 37
4  37 45 46 38
3  39 43 44
6  40 58 49 50 51 41
3  41 47 42
3  41 51 47
4  42 47 52 43
5  43 53 54 48 44
3  43 52 53
3  44 48 45
5  45 48 55 56 46
3  46 56 57
3  47 51 52
3  48 54 55
3  49 59 50
3  49 58 59
3  50 60 51
3  50 59 60
3  51 61 52
3  51 60 61
4  52 61 62 53
3  53 62 54
3  55 63 56
4  56 63 64 57
3  63 67 64
3  63 66 67
4  64 67 68 65
