75
0/1 1/12
0/1 1/4
1/6 1/12
3/16 1/16
5/24 1/24
5/24 1/12
5/24 1/6
5/24 5/24
5/24 1/4
5/24 7/24
11/48 1/48
1/4 0/1
1/4 1/12
1/4 1/6
1/4 5/24
1/4 1/4
7/24 0/1
7/24 1/24
7/24 1/12
7/24 1/8
7/24 1/6
7/24 5/24
7/24 1/4
5/16 3/16
1/3 1/12
1/3 1/6
1/3 5/24
1/3 1/4
1/3 7/24
17/48 7/48
17/48 3/16
3/8 1/8
3/8 1/6
3/8 5/24
3/8 1/4
19/48 7/48
19/48 3/16
19/48 11/48
5/12 1/12
5/12 1/6
5/12 5/24
5/12 7/24
7/16 3/16
11/24 1/24
11/24 1/12
11/24 1/8
11/24 1/6
11/24 5/24
11/24 1/4
11/24 7/24
23/48 11/48
1/2 0/1
1/2 1/24
1/2 1/12
1/2 5/24
1/2 1/4
25/48 5/48
13/24 0/1
13/24 1/24
13/24 1/12
13/24 1/8
13/24 1/6
13/24 5/24
13/24 1/4
13/24 7/24
9/16 1/16
9/16 7/48
7/12 1/24
7/12 1/12
7/12 1/8
7/12 1/6
7/12 5/24
7/12 1/4
7/12 7/24
29/48 5/48
85
3  0 2 1
6  1 2 5 6 7 8
3  2 3 5
3  3 4 5
3  4 12 5
4  4 10 18 12
4  5 20 13 6
4  5 12 19 20
3  6 13 7
3  7 15 8
3  7 14 15
3  7 13 14
5  8 15 22 28 9
4  10 11 17 18
3  12 18 19
4  13 20 21 14
4  14 21 22 15
4  16 51 43 17
3  17 24 18
4  17 43 38 24
4  18 29 25 19
4  18 24 31 29
3  19 25 20
4  20 23 26 21
3  20 25 23
4  21 26 27 22
3  22 27 28
4  23 25 30 26
3  24 38 31
3  25 32 30
3  25 29 32
3  26 34 27
3  26 33 34
3  26 30 33
3  27 34 28
3  28 34 41
3  29 31 32
3  30 32 33
3  31 35 32
4  31 38 44 35
3  32 36 33
3  32 39 36
3  32 35 39
3  33 37 34
3  33 40 37
3  33 36 40
3  34 48 41
4  34 37 40 48
4  35 44 45 39
4  36 39 42 40
6  38 43 52 59 53 44
3  39 46 42
3  39 45 46
4  40 47 50 48
3  40 42 47
3  41 48 49
3  42 46 47
3  43 51 52
3  44 53 45
4  45 53 56 46
4  46 61 54 47
4  46 56 60 61
3  47 54 50
4  48 55 64 49
3  48 50 55
5  50 54 62 63 55
3  51 58 52
3  51 57 58
3  52 58 59
3  53 59 56
3  54 61 62
4  55 63 72 64
3  56 59 60
3  58 65 59
3  58 67 65
4  59 69 66 60
3  59 68 69
3  59 65 68
3  60 66 61
4  61 70 71 62
3  61 66 70
4  62 71 72 63
3  64 72 73
3  65 67 68
3  68 74 69
