63
0/1 5/16
1/24 7/48
1/24 17/48
1/12 5/48
1/12 3/16
1/12 13/48
1/12 5/16
5/48 5/24
5/48 7/24
1/8 1/16
1/8 5/48
1/8 3/16
1/8 11/48
1/8 13/48
1/8 5/16
1/8 17/48
7/48 1/24
7/48 1/12
7/48 5/24
7/48 1/4
1/6 1/48
1/6 1/16
1/6 5/48
1/6 7/48
1/6 3/16
1/6 11/48
1/6 13/48
1/6 5/16
1/6 17/48
3/16 0/1
3/16 1/8
3/16 1/4
5/24 1/16
5/24 5/48
5/24 7/48
5/24 11/48
5/24 13/48
5/24 5/16
5/24 17/48
5/24 19/48
11/48 1/12
11/48 1/8
11/48 1/6
11/48 1/3
1/4 1/16
1/4 5/48
1/4 7/48
1/4 3/16
1/4 11/48
1/4 13/48
1/4 5/16
1/4 17/48
13/48 1/12
13/48 1/6
7/24 1/16
7/24 7/48
7/24 11/48
7/24 13/48
7/24 5/16
7/24 17/48
1/3 13/48
3/8 7/48
3/8 11/48
77
7  0 7 12 13 5 8 6
3  0 6 2
3  1 3 4
4  2 6 14 15
3  3 9 10
4  3 10 11 4
3  4 11 7
3  5 13 8
3  6 8 14
3  7 11 12
3  8 13 14
3  9 17 10
3  9 21 17
3  9 16 21
3  10 23 11
3  10 22 23
3  10 17 22
3  11 18 12
3  11 23 24
3  11 24 18
3  12 19 13
4  12 18 25 19
3  13 19 26
3  13 26 14
3  14 28 15
3  14 26 27
4  14 27 38 28
3  16 20 21
3  17 21 22
3  18 24 25
3  19 25 26
3  20 32 21
4  20 29 44 32
4  21 33 30 22
4  21 32 40 33
3  22 30 23
3  23 34 24
3  23 30 34
4  24 34 42 25
3  25 31 26
4  25 42 47 35
3  25 35 31
3  26 37 27
3  26 31 36
4  26 36 50 37
4  27 37 43 38
4  28 38 51 39
4  30 33 41 34
5  31 35 48 49 36
3  32 44 40
4  33 40 45 41
3  34 46 42
3  34 41 46
3  35 47 48
3  36 49 50
3  37 50 43
3  38 43 51
3  40 44 45
3  41 45 46
3  42 46 47
3  43 50 51
3  44 52 45
3  44 54 52
3  45 55 46
4  45 52 54 55
3  46 53 47
3  46 55 53
3  47 56 48
4  47 53 55 56
4  48 56 57 49
4  49 57 58 50
3  50 58 51
3  51 58 59
3  54 61 55
4  55 61 62 56
3  56 60 57
3  57 60 58
