58
0/1 13/48
1/48 1/24
1/48 1/12
1/48 1/6
1/48 1/4
1/16 5/24
5/48 0/1
5/48 1/24
5/48 1/12
5/48 1/6
5/48 1/4
5/48 3/8
7/48 1/24
7/48 1/12
7/48 1/8
7/48 1/6
7/48 5/24
7/48 1/4
7/48 7/24
7/48 1/3
7/48 3/8
7/48 5/12
1/6 5/16
3/16 0/1
3/16 1/12
3/16 1/8
3/16 1/6
3/16 5/24
3/16 1/4
3/16 7/24
3/16 1/3
3/16 3/8
3/16 5/12
3/16 11/24
5/24 13/48
11/48 1/8
11/48 1/6
11/48 1/4
11/48 7/24
11/48 3/8
11/48 5/12
11/48 11/24
13/48 1/12
13/48 1/6
13/48 5/24
13/48 1/4
13/48 3/8
13/48 5/12
13/48 13/24
7/24 3/16
5/16 1/6
5/16 5/24
5/16 1/4
1/3 3/16
17/48 1/6
17/48 5/24
19/48 3/8
19/48 5/12
67
4  0 4 10 11
4  1 7 8 2
3  2 9 3
3  2 8 9
3  3 5 4
3  3 9 5
3  4 5 10
3  5 9 10
3  6 12 7
4  6 23 24 12
4  7 12 13 8
4  8 13 14 9
3  9 16 10
3  9 14 15
3  9 15 16
4  10 18 19 11
3  10 16 17
3  10 17 18
3  11 19 20
3  11 20 21
3  12 24 13
3  13 24 14
4  14 25 26 15
3  14 24 25
4  15 26 27 16
3  16 28 17
3  16 27 28
3  17 28 18
3  18 22 19
4  18 28 29 22
4  19 22 30 20
3  20 30 31
3  20 31 21
3  21 31 32
3  21 32 33
3  22 29 30
3  24 35 25
4  24 42 43 35
4  25 35 36 26
5  26 36 37 28 27
3  28 34 29
3  28 37 34
4  29 34 38 30
4  30 38 39 31
4  31 39 40 32
4  32 40 41 33
5  33 41 40 47 48
3  34 37 38
3  35 43 36
4  36 43 44 37
3  37 44 45
3  37 45 38
4  38 45 46 39
4  39 46 47 40
4  42 54 50 43
3  43 49 44
4  43 50 51 49
3  44 51 45
3  44 49 51
3  45 51 52
4  46 56 57 47
3  47 57 48
3  50 53 51
3  50 54 53
3  51 55 52
3  51 53 55
3  53 54 55
