61
0/1 1/3
0/1 3/8
0/1 5/12
1/24 1/6
1/24 7/24
1/24 11/24
1/12 1/3
1/12 5/12
1/8 3/8
1/6 1/6
1/6 7/24
1/6 1/3
1/6 3/8
1/6 5/12
1/6 11/24
3/16 19/48
5/24 0/1
5/24 1/6
5/24 7/24
5/24 1/3
5/24 3/8
5/24 5/12
5/24 11/24
1/4 7/24
1/4 1/3
1/4 11/24
7/24 0/1
7/24 1/6
7/24 5/24
7/24 1/4
7/24 7/24
7/24 1/3
7/24 3/8
7/24 5/12
7/24 11/24
5/16 3/16
1/3 1/6
1/3 5/24
1/3 1/4
1/3 7/24
1/3 1/3
1/3 3/8
1/3 5/12
1/3 11/24
17/48 11/48
3/8 1/6
3/8 5/24
3/8 1/4
3/8 7/24
3/8 1/3
3/8 5/12
3/8 11/24
19/48 5/48
5/12 1/8
5/12 1/6
5/12 7/24
5/12 1/3
5/12 3/8
5/12 11/24
11/24 1/3
13/24 1/4
73
4  0 6 8 1
4  1 8 7 2
3  2 7 5
4  3 9 10 4
4  4 10 11 6
4  5 7 13 14
3  6 11 8
3  7 8 13
3  8 11 12
3  8 12 13
4  9 17 18 10
3  10 18 11
3  11 18 19
3  11 19 12
3  12 15 13
3  12 19 20
3  12 20 15
3  13 22 14
3  13 15 21
3  13 21 22
3  15 20 21
4  16 26 27 17
4  17 27 28 18
4  18 28 29 23
3  18 23 19
4  19 23 30 24
3  19 24 20
4  20 24 31 32
4  20 32 33 21
3  21 25 22
3  21 33 25
3  23 29 30
3  24 30 31
3  25 33 34
4  26 52 36 27
4  27 36 35 28
3  28 37 29
3  28 35 37
4  29 37 38 30
4  30 39 40 31
3  30 38 39
3  31 41 32
3  31 40 41
3  32 41 33
3  33 43 34
3  33 41 42
3  33 42 43
3  35 36 37
3  36 45 37
4  36 52 53 45
3  37 44 38
3  37 46 44
3  37 45 46
3  38 47 39
3  38 44 47
4  39 48 49 40
3  39 47 48
3  40 49 41
3  41 50 42
3  41 49 50
3  42 50 43
3  43 50 51
3  44 46 47
3  45 54 46
3  45 53 54
4  46 54 55 47
5  47 55 56 49 48
4  49 56 57 50
3  50 58 51
3  50 57 58
5  53 60 59 55 54
3  55 59 56
3  56 59 57
