64
0/1 0/1
1/8 0/1
1/8 1/8
1/8 5/24
1/8 1/4
1/6 1/6
1/6 5/24
1/6 1/4
3/16 3/16
5/24 0/1
5/24 1/12
5/24 1/8
5/24 1/6
5/24 5/24
11/48 5/48
11/48 11/48
1/4 1/24
1/4 1/12
1/4 1/8
1/4 1/6
1/4 5/24
1/4 1/4
7/24 1/24
7/24 1/12
7/24 1/6
7/24 5/24
7/24 1/4
7/24 7/24
7/24 3/8
5/16 1/16
5/16 5/16
1/3 1/24
1/3 1/12
1/3 1/8
1/3 1/6
1/3 5/24
1/3 1/4
1/3 7/24
1/3 1/3
1/3 3/8
17/48 11/48
3/8 1/12
3/8 1/6
3/8 5/24
3/8 1/4
3/8 7/24
3/8 1/3
3/8 3/8
19/48 7/48
19/48 3/16
19/48 19/48
5/12 1/24
5/12 1/12
5/12 1/8
5/12 1/6
5/12 5/24
5/12 7/24
5/12 3/8
11/24 1/12
11/24 1/6
11/24 1/4
1/2 1/12
1/2 1/4
1/2 7/24
71
3  0 1 2
5  1 10 11 5 2
3  1 9 10
3  2 5 3
4  3 5 8 6
4  3 6 7 4
4  5 11 12 8
3  6 8 13
5  6 13 15 21 7
3  8 12 13
3  9 16 10
3  10 14 11
4  10 16 17 14
4  11 14 18 12
3  12 20 13
3  12 19 20
3  12 18 19
3  13 20 15
3  14 17 18
3  15 20 21
4  17 22 23 18
3  18 24 19
3  18 23 24
4  19 24 25 20
3  20 26 21
3  20 25 26
3  21 26 27
3  22 29 23
3  22 31 29
4  23 33 34 24
3  23 32 33
3  23 29 32
3  24 35 25
3  24 34 35
4  25 35 36 26
3  26 37 27
3  26 36 37
5  27 30 38 39 28
3  27 37 30
3  29 31 32
3  30 37 38
3  31 41 32
4  31 51 52 41
5  32 48 54 42 33
4  32 41 53 48
3  33 42 34
5  34 42 49 43 35
3  35 40 36
3  35 43 40
3  36 44 37
3  36 40 44
4  37 46 47 38
3  37 45 46
3  37 44 45
3  38 47 39
4  40 43 55 44
3  41 52 53
3  42 54 49
3  43 49 55
4  44 55 56 45
4  45 56 57 46
3  46 57 47
3  47 57 50
3  48 53 54
3  49 54 55
5  52 58 59 54 53
3  54 59 55
5  55 60 62 63 56
3  55 59 60
3  56 63 57
5  58 61 62 60 59
