77
0/1 1/6
1/48 3/16
1/24 1/12
1/24 1/8
1/24 1/6
1/24 5/24
1/16 5/48
1/12 1/12
1/12 1/8
1/12 5/24
1/12 1/4
1/12 7/24
1/8 1/12
1/8 1/8
1/8 1/6
1/8 5/24
1/8 1/4
1/8 7/24
1/8 11/24
1/6 1/12
1/6 1/8
1/6 1/6
1/6 5/24
1/6 1/4
1/6 7/24
1/6 1/3
5/24 1/6
5/24 5/24
5/24 1/4
5/24 7/24
5/24 1/3
5/24 3/8
5/24 1/2
5/24 13/24
5/24 2/3
1/4 5/24
1/4 1/4
1/4 7/24
1/4 1/3
1/4 3/8
1/4 11/24
1/4 1/2
13/48 5/16
7/24 0/1
7/24 1/12
7/24 1/8
7/24 1/6
7/24 5/24
7/24 7/24
5/16 13/48
1/3 0/1
1/3 1/12
1/3 1/8
1/3 1/6
1/3 5/24
1/3 7/24
1/3 1/3
1/3 3/8
1/3 5/12
1/3 2/3
17/48 7/48
17/48 17/48
3/8 1/12
3/8 1/8
3/8 1/6
3/8 1/3
3/8 3/8
19/48 17/48
5/12 1/12
5/12 1/8
5/12 1/6
5/12 3/8
5/12 2/3
7/16 5/48
11/24 1/12
11/24 1/8
11/24 1/6
81
4  0 3 4 1
3  1 4 5
4  2 7 6 3
3  3 6 8
3  3 8 4
4  4 8 9 5
3  5 9 10
3  6 7 8
4  7 13 14 8
3  7 12 13
4  8 14 15 9
4  9 15 16 10
3  10 17 11
3  10 16 17
3  12 20 13
3  12 19 20
4  13 21 22 14
3  13 20 21
3  14 22 15
4  15 22 23 16
4  16 23 24 17
4  17 25 31 18
3  17 24 25
6  18 31 39 40 32 33
4  19 44 45 20
3  20 26 21
4  20 45 46 26
3  21 27 22
4  21 26 35 27
3  22 28 23
3  22 27 28
4  23 28 29 24
4  24 29 30 25
3  25 30 31
4  26 46 47 35
4  27 36 37 28
3  27 35 36
3  28 37 29
5  29 37 38 31 30
3  31 38 39
3  32 40 41
5  32 41 58 59 33
3  33 59 34
4  35 49 48 36
6  35 47 54 64 70 49
3  36 48 37
3  37 42 38
3  37 48 42
4  38 42 57 39
3  39 57 40
4  40 57 58 41
4  42 48 56 57
4  43 50 51 44
3  44 52 45
3  44 51 52
4  45 52 53 46
3  46 53 47
3  47 53 54
3  48 55 56
3  48 49 55
4  50 68 62 51
4  51 62 63 52
3  52 60 53
3  52 63 60
3  53 64 54
3  53 60 64
4  55 65 61 56
3  56 61 57
3  57 61 66
3  57 66 58
5  58 66 71 72 59
3  60 63 64
4  61 65 67 66
3  62 68 63
3  63 69 64
4  63 68 73 69
4  64 69 75 70
3  66 67 71
4  68 74 75 73
3  69 73 75
3  70 75 76
