68
0/1 1/6
1/24 1/4
1/12 1/12
1/12 5/24
1/12 7/24
1/8 1/6
7/48 7/48
1/6 1/8
1/6 1/6
1/6 5/24
1/6 7/24
1/6 3/8
5/24 1/12
5/24 1/8
5/24 1/6
5/24 5/24
11/48 11/48
1/4 1/24
1/4 1/12
1/4 1/8
1/4 1/6
1/4 5/24
1/4 1/4
1/4 7/24
1/4 1/3
13/48 5/48
13/48 13/48
7/24 0/1
7/24 1/24
7/24 1/12
7/24 1/8
7/24 1/6
7/24 5/24
7/24 1/4
7/24 7/24
7/24 1/3
7/24 3/8
5/16 7/48
5/16 3/16
1/3 0/1
1/3 1/24
1/3 1/12
1/3 1/8
1/3 1/6
1/3 5/24
1/3 1/4
1/3 1/3
17/48 5/48
17/48 7/48
3/8 1/12
3/8 1/8
3/8 1/6
3/8 5/24
3/8 1/4
3/8 7/24
3/8 1/3
19/48 7/48
5/12 1/12
5/12 1/8
5/12 1/6
5/12 5/24
5/12 1/4
7/16 5/48
11/24 5/24
1/2 1/6
7/12 1/12
2/3 1/12
2/3 1/6
86
4  0 2 6 5
3  1 3 4
4  2 12 7 6
4  3 5 8 9
4  3 9 10 4
3  4 10 11
3  5 6 8
3  6 7 8
4  7 13 14 8
3  7 12 13
3  8 15 9
3  8 14 15
6  9 15 16 22 23 10
3  10 23 11
5  11 23 24 35 36
4  12 18 19 13
3  12 17 18
3  13 19 14
4  14 20 21 15
3  14 19 20
3  15 21 16
3  16 21 22
4  17 28 29 18
3  17 27 28
3  18 25 19
3  18 29 25
3  19 31 20
3  19 30 31
3  19 25 30
3  20 31 21
3  21 32 22
3  21 31 32
3  22 26 23
3  22 33 26
3  22 32 33
5  23 26 34 35 24
3  25 29 30
3  26 33 34
4  27 40 41 28
3  27 39 40
3  28 41 29
3  29 42 30
3  29 41 42
3  30 37 31
3  30 42 37
3  31 38 32
3  31 43 38
3  31 37 43
3  32 44 33
3  32 38 44
4  33 45 46 34
3  33 44 45
3  34 46 35
3  37 42 43
3  38 43 44
4  39 57 49 40
3  40 49 41
3  41 47 42
3  41 49 47
3  42 48 43
3  42 50 48
3  42 47 50
3  43 51 44
3  43 48 51
4  44 52 53 45
3  44 51 52
4  45 53 54 46
3  46 54 55
3  47 49 50
3  48 50 51
3  49 57 50
3  50 56 51
4  50 57 58 56
4  51 59 60 52
3  51 56 59
4  52 60 61 53
3  53 61 54
3  56 58 59
3  57 62 58
4  57 65 64 62
4  58 62 64 59
3  59 63 60
3  59 64 63
3  60 63 61
3  64 65 67
3  65 66 67
