61
0/1 1/4
0/1 1/3
0/1 5/12
1/8 0/1
1/8 1/8
1/8 1/4
1/8 7/24
1/6 0/1
1/6 1/12
1/6 1/4
1/6 7/24
1/6 1/3
3/16 13/48
5/24 1/12
5/24 1/8
5/24 1/4
5/24 7/24
5/24 1/3
5/24 3/8
5/24 5/12
5/24 1/2
11/48 5/16
1/4 1/12
1/4 1/8
1/4 1/6
1/4 1/4
1/4 7/24
1/4 1/3
1/4 5/12
1/4 11/24
1/4 1/2
7/24 1/8
7/24 5/24
7/24 1/4
7/24 7/24
7/24 1/3
7/24 3/8
7/24 5/12
7/24 11/24
1/3 0/1
1/3 1/12
1/3 1/6
1/3 1/4
1/3 7/24
1/3 1/3
1/3 3/8
1/3 5/12
1/3 1/2
17/48 5/16
3/8 7/24
3/8 1/3
3/8 3/8
19/48 17/48
5/12 1/4
5/12 1/3
5/12 3/8
5/12 1/2
11/24 7/24
1/2 1/4
2/3 1/12
2/3 1/4
67
3  0 4 5
5  0 5 6 11 1
5  1 11 18 19 2
4  3 7 8 4
4  4 8 9 5
4  5 9 10 6
5  6 10 16 17 11
4  7 22 13 8
4  7 39 40 22
4  8 14 15 9
3  8 13 14
3  9 12 10
3  9 15 12
3  10 12 16
3  11 17 18
3  12 15 16
4  13 22 23 14
4  14 24 25 15
3  14 23 24
3  15 26 16
3  15 25 26
4  16 21 27 17
3  16 26 21
4  17 27 28 18
3  18 28 19
5  19 28 29 30 20
3  21 26 27
3  22 31 23
4  22 40 41 31
4  23 31 32 24
4  24 32 33 25
3  25 33 26
3  26 33 34
4  26 34 35 27
3  27 36 28
3  27 35 36
3  28 38 29
3  28 36 37
3  28 37 38
3  29 38 30
3  30 38 47
4  31 41 42 32
3  32 42 33
5  33 43 44 35 34
3  33 42 43
4  35 44 45 36
3  36 46 37
3  36 45 46
3  37 46 38
3  38 46 47
5  40 59 58 53 41
3  41 53 42
4  42 49 48 43
3  42 53 49
3  43 48 44
5  44 50 52 51 45
3  44 48 50
3  45 51 46
3  46 56 47
4  46 51 55 56
4  48 49 54 50
3  49 53 54
3  50 54 52
3  51 52 55
3  53 57 54
3  53 58 57
3  58 59 60
