71
0/1 1/4
0/1 1/3
0/1 3/8
1/12 1/12
1/12 1/6
1/12 5/24
5/48 3/16
5/48 11/48
1/8 1/24
1/8 1/8
1/8 1/6
1/8 5/24
1/8 1/4
1/6 0/1
1/6 1/12
1/6 1/6
1/6 1/4
1/6 7/24
1/6 1/3
1/6 3/8
1/6 5/12
3/16 5/16
5/24 0/1
5/24 1/24
5/24 1/12
5/24 1/8
5/24 1/6
5/24 5/24
5/24 1/4
5/24 7/24
5/24 1/3
5/24 3/8
11/48 11/48
11/48 17/48
1/4 1/24
1/4 1/12
1/4 1/8
1/4 1/6
1/4 5/24
1/4 1/4
1/4 1/3
1/4 5/12
13/48 1/16
13/48 3/16
7/24 1/12
7/24 1/8
7/24 1/6
7/24 5/24
7/24 7/24
7/24 5/12
5/16 7/48
1/3 1/24
1/3 1/12
1/3 1/8
1/3 1/6
1/3 5/24
1/3 1/4
1/3 1/3
1/3 5/12
1/3 11/24
1/3 1/2
17/48 7/48
3/8 1/12
3/8 1/6
3/8 5/24
3/8 1/4
3/8 1/2
19/48 3/16
11/24 1/4
11/24 1/2
1/2 1/12
88
5  0 4 5 7 12
5  0 12 17 18 1
4  1 18 19 2
3  3 9 4
4  3 14 25 9
3  4 6 5
3  4 9 10
3  4 10 6
3  5 6 11
3  5 11 7
4  6 10 15 11
3  7 11 12
4  8 23 24 14
3  8 13 23
3  9 15 10
3  9 25 15
3  11 15 27
4  11 27 16 12
3  12 16 17
3  13 22 23
3  14 24 25
3  15 26 27
3  15 25 26
3  16 27 28
3  16 28 17
3  17 21 18
4  17 28 29 21
3  18 31 19
3  18 21 30
3  18 30 31
3  19 31 20
3  20 31 41
3  21 29 30
3  22 34 23
3  23 35 24
3  23 34 35
3  24 35 25
3  25 37 26
3  25 36 37
3  25 35 36
3  26 37 27
3  27 32 28
4  27 37 38 32
3  28 32 39
3  28 39 29
4  29 39 40 30
3  30 33 31
3  30 40 33
4  31 33 49 41
3  32 38 39
5  33 40 57 58 49
3  34 42 35
5  34 51 52 44 42
3  35 45 36
4  35 44 53 45
3  35 42 44
3  36 45 37
3  37 43 38
3  37 46 43
4  37 45 50 46
3  38 47 39
3  38 43 47
3  39 48 40
3  39 56 48
3  39 47 56
8  40 48 56 65 66 59 58 57
4  41 49 59 60
4  43 46 54 47
3  44 52 53
3  45 53 50
3  46 50 54
3  47 55 56
3  47 54 55
3  49 58 59
3  50 53 54
3  52 62 53
3  53 61 54
4  53 62 63 61
3  54 64 55
3  54 63 64
3  54 61 63
3  55 64 56
3  56 64 65
3  59 66 60
4  62 70 67 63
3  63 67 64
4  64 67 68 65
4  65 68 69 66
