67
0/1 1/8
0/1 5/24
0/1 1/4
1/24 1/24
1/24 1/8
1/24 1/6
1/24 5/24
1/24 1/4
1/16 7/48
1/12 1/8
1/8 1/12
1/8 1/8
1/8 1/6
1/8 5/24
1/8 1/4
1/8 1/3
1/8 5/12
1/8 1/2
1/8 13/24
1/8 7/12
7/48 11/48
1/6 1/24
1/6 1/12
1/6 1/8
1/6 5/24
1/6 1/4
1/6 7/24
1/6 3/8
1/6 13/24
3/16 11/48
5/24 0/1
5/24 1/24
5/24 1/12
5/24 1/8
5/24 1/6
5/24 5/24
5/24 1/4
5/24 1/3
5/24 5/12
5/24 13/24
5/24 7/12
11/48 3/16
1/4 1/12
1/4 1/8
1/4 1/6
1/4 5/24
1/4 7/24
1/4 5/12
1/4 13/24
13/48 7/48
7/24 1/8
7/24 1/6
5/16 7/48
1/3 0/1
1/3 1/12
1/3 1/8
1/3 5/24
1/3 7/24
1/3 3/8
3/8 1/12
3/8 5/24
3/8 1/3
3/8 3/8
3/8 5/12
5/12 5/24
5/12 3/8
5/12 5/12
75
4  0 4 5 1
3  1 5 6
4  1 6 7 2
5  3 21 10 9 4
3  4 8 5
3  4 9 8
4  5 8 13 6
4  6 13 14 7
4  8 9 12 13
3  9 10 11
3  9 11 12
3  10 23 11
4  10 21 22 23
3  11 23 12
3  12 24 13
3  12 23 24
3  13 20 14
3  13 24 20
3  14 26 15
3  14 20 25
4  14 25 36 26
3  15 27 16
3  15 26 37
3  15 37 27
3  16 27 38
3  16 38 17
3  17 28 18
4  17 38 39 28
4  18 28 40 19
4  20 24 29 25
3  21 32 22
3  21 31 32
3  21 30 31
3  22 32 23
3  23 34 24
3  23 33 34
3  23 32 33
3  24 34 35
3  24 35 29
3  25 29 36
3  26 36 37
3  27 37 38
3  28 39 40
3  29 35 36
5  30 53 54 42 31
3  31 42 32
3  32 43 33
3  32 42 43
5  33 43 44 41 34
3  34 41 35
3  35 45 36
3  35 41 45
5  36 46 47 38 37
3  36 45 46
4  38 47 48 39
3  39 48 40
3  41 44 45
3  42 50 43
4  42 54 55 50
3  43 49 44
3  43 50 49
4  44 49 51 45
4  45 57 58 46
3  45 56 57
3  45 51 56
4  46 58 63 47
4  49 50 52 51
3  50 55 52
7  51 52 55 54 59 60 56
4  56 60 61 57
4  57 61 62 58
3  58 62 63
4  60 64 65 61
3  61 65 62
4  62 65 66 63
