52
0/1 1/12
0/1 1/4
1/24 1/12
1/24 1/4
1/24 7/24
1/24 5/12
5/48 17/48
1/8 0/1
1/8 1/12
1/8 1/6
1/8 1/4
1/8 7/24
1/8 1/3
1/8 3/8
1/8 5/12
7/48 17/48
7/48 19/48
1/6 5/24
1/6 1/4
1/6 7/24
1/6 1/3
1/6 3/8
1/6 5/12
3/16 13/48
3/16 5/16
3/16 19/48
5/24 0/1
5/24 1/12
5/24 1/6
5/24 1/4
5/24 7/24
5/24 1/3
5/24 3/8
5/24 5/12
5/24 11/24
11/48 5/16
1/4 1/4
1/4 7/24
1/4 1/3
1/4 3/8
1/4 5/12
1/4 11/24
1/4 1/2
7/24 0/1
7/24 1/12
7/24 3/8
7/24 5/12
7/24 11/24
7/24 1/2
1/3 3/8
1/3 5/12
1/3 11/24
60
4  0 2 3 1
3  1 3 4
4  2 9 10 3
3  2 8 9
4  3 10 11 4
5  4 6 13 14 5
4  4 11 12 6
3  6 12 13
3  7 26 8
4  8 28 17 9
3  8 27 28
3  8 26 27
3  9 17 10
3  10 19 11
4  10 17 29 18
3  10 18 19
3  11 19 12
3  12 15 13
3  12 19 20
3  12 20 15
3  13 16 14
3  13 15 21
3  13 21 16
4  15 20 31 21
4  16 21 25 22
3  17 28 29
3  18 23 19
3  18 29 23
3  19 24 20
3  19 23 30
3  19 30 24
3  20 24 31
3  21 31 32
3  21 32 25
3  22 25 33
3  22 33 34
3  23 29 30
3  24 30 31
3  25 32 33
4  26 43 44 27
8  27 44 45 38 37 36 29 28
3  29 37 30
3  29 36 37
3  30 35 31
3  30 37 35
3  31 35 38
3  31 38 32
3  32 38 39
3  32 39 33
3  33 39 40
4  33 40 41 34
3  34 41 42
3  35 37 38
3  38 45 39
4  39 45 46 40
4  40 46 47 41
4  41 47 48 42
3  45 50 46
3  45 49 50
4  46 50 51 47
