83
0/1 7/24
1/24 1/6
1/24 1/4
1/24 7/24
1/24 1/3
1/24 3/8
1/16 17/48
1/12 1/8
1/12 5/24
1/12 1/4
1/12 7/24
1/12 1/3
1/12 3/8
1/8 1/8
1/8 1/6
1/8 5/24
1/8 1/4
1/8 7/24
1/8 1/3
1/8 3/8
7/48 7/48
7/48 3/16
7/48 11/48
1/6 1/12
1/6 1/8
1/6 1/6
1/6 5/24
1/6 1/4
1/6 7/24
1/6 1/3
1/6 3/8
1/6 11/24
3/16 5/48
3/16 11/48
5/24 1/12
5/24 1/8
5/24 1/6
5/24 5/24
5/24 1/4
5/24 7/24
5/24 1/3
5/24 3/8
5/24 11/24
11/48 5/48
1/4 1/12
1/4 1/8
1/4 1/6
1/4 7/24
13/48 7/48
7/24 0/1
7/24 1/24
7/24 1/12
7/24 1/8
7/24 1/6
7/24 5/24
1/3 0/1
1/3 1/24
1/3 1/12
1/3 1/8
1/3 1/6
1/3 5/24
1/3 1/4
1/3 7/24
1/3 3/8
1/3 11/24
3/8 0/1
3/8 1/24
3/8 1/12
3/8 1/8
3/8 1/6
3/8 5/24
3/8 1/4
3/8 7/24
3/8 5/12
5/12 1/24
5/12 1/12
5/12 1/8
5/12 5/24
5/12 1/4
5/12 7/24
11/24 1/12
11/24 1/8
11/24 1/4
95
3  0 2 3
3  0 3 4
3  1 8 2
3  1 7 14
3  1 14 8
3  2 8 9
4  2 9 10 3
4  3 10 11 4
3  4 6 5
3  4 11 6
3  5 6 12
3  6 11 12
4  7 13 20 14
3  8 16 9
3  8 14 15
3  8 15 16
4  9 16 17 10
3  10 17 11
3  11 17 18
3  11 18 12
3  12 18 19
3  13 24 20
4  13 23 32 24
3  14 21 15
3  14 20 25
3  14 25 21
3  15 22 16
3  15 21 26
3  15 26 22
3  16 22 27
3  16 27 17
3  17 27 28
4  17 28 29 18
4  18 29 30 19
4  20 24 35 25
3  21 25 26
3  22 26 27
3  23 34 32
3  24 32 35
4  25 36 37 26
3  25 35 36
3  26 33 27
3  26 37 33
3  27 33 38
4  27 38 39 28
4  28 39 40 29
4  29 40 41 30
4  30 41 42 31
3  32 34 35
3  33 37 38
3  34 43 35
3  34 44 43
4  34 49 50 44
3  35 46 36
4  35 45 48 46
3  35 43 45
3  36 46 37
4  37 54 61 38
3  37 46 54
3  38 47 39
4  38 61 62 47
7  39 47 63 64 42 41 40
5  43 44 51 52 45
3  44 50 51
3  45 52 48
4  46 53 60 54
3  46 48 53
3  47 62 63
5  48 52 58 59 53
3  49 55 50
5  50 55 56 57 51
4  51 57 58 52
3  53 59 60
3  54 60 61
3  55 65 56
4  56 66 67 57
3  56 65 66
4  57 67 68 58
4  58 68 69 59
4  59 69 70 60
3  60 71 61
3  60 70 71
3  61 72 62
3  61 71 72
4  62 72 73 63
3  63 73 64
3  65 74 66
4  66 74 75 67
4  67 75 76 68
5  68 76 77 70 69
4  70 77 78 71
3  71 79 72
4  71 78 82 79
4  75 80 81 76
5  76 81 82 78 77
