127
21989/38912 3259/9728
9881/17408 1441/4352
61957/109056 3039/9088
879899/1548544 16827023/49553408
15177499/26686464 107495/317696
4944137/8690416 2740051/8069672
124717/219136 18677/54784
283396909/496610304 13817357/41384192
4392401/7682048 4635247/13443584
25978457/45382656 566893/1719040
1021853/1783808 11769/34304
171275143/297969664 25641503/74492416
122689693/213299760 868558867/2559597120
93359/161024 6683/20128
10103/17408 1355/4352
6772685/11611136 23712469/72569600
5986831/10249216 50060671/151175936
63618812409/108753255424 82132736369/244694824704
723721543/1235832448 40216269193/118639915008
170752699/291288064 24908903/72822016
789199/1338640 5443061/16063680
350253989/592202752 48040949/148050688
10325/17408 1269/4352
706360661/1186843648 97587551/296710912
93679/156672 4213/13056
195901/327168 8947/27264
7005321/11680768 976281/2920192
5217497/8690416 10925439/32278688
36317/60416 4217/15104
989921017/1645075456 142855497/411268864
27844035887/46164281536 1222175959/3611875328
463157/766976 9891/27392
349975/574464 23741/82688
133677/219136 21957/54784
413761/677888 272039/677888
54179889/88742912 8898409/22185728
14169/23200 2327/5800
933425/1514496 35987/126208
31811/51200 21367/51200
1512027745187/2424908911616 219793942067/606227227904
8967/14368 1469/3592
681/1084 3439/8672
55827089/88742912 8335809/22185728
10323/16384 197331/458752
19496075/30864384 2871947/7716096
32617196671/51479815168 49035183/132679936
1139/1796 5441/14368
38484559/60603392 22797811/60603392
364823/574464 25829/82688
10335811/16237504 6034373/16237504
1130335/1774336 2967561/7097344
3699/5800 1209/2900
3517745533/5496761344 525001453/1374190336
779395/1217536 381953/913152
76053/118784 42817/118784
13922213/21679104 576901/1806592
13490574289/20824445952 8149924471/20824445952
514331/793552 534595/1587104
2493207189/3831921152 6049918659/15327684608
806047/1238016 135361/412672
379/580 1809/4640
2882409/4406272 36133/84736
461/704 223/704
182929/278400 983281/2296800
189820698883/288733860864 92231712119/216550395648
166448521/253039328 2724776443/8097258496
25125712715/38156063744 11996586527/28617047808
4721/7168 601/1792
542634571/822537728 8855523343/26321207296
117520764858443/177915212084224 18078415273013/44478803021056
1253947/1893120 6169993/15618240
4480121/6755840 92923603/238143360
29910133/45060864 919092491/2162921472
183134319/275658752 90292381/275658752
1006897/1514496 38379/126208
336475/504832 34227/126208
7498573/11229184 1362563/2807296
2491454833819/3717859914752 322175081189/929464978688
10977541/16339760 5490577/16339760
1011458009/1505426432 158028329/376356608
39750842659/59100642112 795721753457/1891220547584
12760055/18927488 63597201/151419904
6471585/9591808 1014909/2397952
340699/504832 38027/126208
341755/504832 38977/126208
82529/121856 9441/30464
687833/1014784 78433/253696
1516137/2210816 164857/552704
21913/31744 10019/23808
12034045/17431552 6223463/17431552
12831/18560 7883/19140
258062497/372369280 76531587/186184640
258855713677/373361191936 41565948157/93340297984
1099277/1584128 146483/396032
9296827/13218816 319397/762624
663705/942848 202055461/497823744
5903854853/8386202624 2633514079/6289651968
2173/3072 1927/4608
21035/29696 3131/7424
151927/214016 67061/160512
269792837/379472896 118858591/284604672
6208895/8660096 6922913/17320192
34585/48128 5719/12032
41768687/58090496 5727647/14522624
1278145/1774336 693779/1774336
1603948819/2221514752 14121906721/35544236032
5365064141/7418620928 739005821/1854655232
981959/1354880 536533/1354880
12855/17408 1799/4352
1874087/2524160 211031/631040
386299/504832 34859/126208
3699001/4717568 319561/1179392
3834913/4578304 103953/1144576
689737/818176 -19563/204544
28256471/33440768 602151/8360192
14711/17408 351/4352
14839/17408 -1439/13056
3021469/3533824 -89139/883456
1513651/1758208 13731/439552
1359391/1549312 -7857/387328
901549/1027072 -38391/256768
443707/504832 -1877/126208
4071553/4578304 -132687/1144576
10698209/11820032 -362991/2955008
79123/87040 -2589/21760
2333351/2524160 -82857/631040
477499/504832 28523/126208
122
3  0 1 2
4  0 2 4 3
3  1 14 9
4  1 9 7 2
3  2 7 4
3  3 4 5
3  3 5 6
5  4 7 13 12 5
4  5 12 10 6
3  6 10 8
5  7 9 15 16 13
3  8 10 11
4  8 11 31 33
3  9 14 15
5  10 12 18 19 11
6  11 19 18 20 29 31
4  12 13 17 18
3  13 16 17
3  14 21 15
4  14 22 24 21
4  15 21 23 16
6  16 23 26 27 20 17
3  17 20 18
3  20 27 29
4  21 24 25 23
3  22 28 32
4  22 32 48 24
3  23 25 26
4  24 48 55 25
6  25 55 59 57 30 26
3  26 30 27
4  27 30 39 29
3  28 37 32
8  28 113 114 112 87 83 75 37
5  29 39 44 42 31
5  30 57 54 45 39
4  31 42 35 33
4  32 37 74 48
3  33 35 34
3  34 35 36
4  34 36 40 38
5  35 42 46 41 36
3  36 41 40
4  37 75 83 74
4  38 40 51 50
3  38 50 43
3  39 45 44
5  40 41 56 58 51
4  41 46 52 56
4  42 44 47 46
4  43 50 53 61
7  43 61 63 72 82 92 76
4  44 45 49 47
3  45 54 49
3  46 47 52
6  47 49 71 70 60 52
7  48 74 84 85 73 62 55
6  49 54 65 68 77 71
3  50 51 53
5  51 58 69 66 53
3  52 60 56
4  53 66 64 61
3  54 57 65
3  55 62 59
3  56 60 58
4  57 59 67 65
4  58 60 70 69
4  59 62 73 67
3  61 64 63
3  63 64 72
5  64 66 79 80 72
3  65 67 68
3  66 69 79
4  67 73 78 68
3  68 78 77
5  69 70 90 81 79
4  70 71 91 90
5  71 77 93 95 91
3  72 80 82
4  73 85 89 78
3  74 83 84
3  76 92 102
4  77 78 89 93
3  79 81 80
4  80 81 88 82
4  81 90 94 88
4  82 88 98 92
4  83 87 86 84
3  84 86 85
5  85 86 109 104 89
4  86 87 110 109
3  87 112 110
3  88 94 98
4  89 104 103 93
4  90 91 96 94
4  91 95 97 96
5  92 98 100 108 102
4  93 103 101 95
3  94 96 98
4  95 101 99 97
3  96 97 98
3  97 99 98
3  98 99 100
5  99 101 105 106 100
3  100 106 108
3  101 103 105
4  103 104 107 105
7  104 109 110 111 108 106 107
3  105 107 106
4  110 112 115 111
5  111 115 118 121 126
3  112 114 115
5  113 117 119 118 114
3  113 116 117
3  114 118 115
3  116 122 117
4  116 120 123 122
4  117 122 124 119
3  118 119 121
5  119 124 123 125 121
3  120 125 123
3  122 123 124
