28
-7/50 12/25
1/200 261/400
9/400 237/400
1/25 213/400
23/400 189/400
13/200 67/100
37/400 141/400
1/10 11/20
27/200 43/100
3/20 33/40
17/100 31/100
71/400 203/400
37/200 141/200
17/80 31/80
11/50 117/200
51/200 93/200
29/100 69/200
119/400 217/400
61/200 37/50
13/40 9/40
17/50 31/50
73/200 303/400
3/8 1/2
153/400 279/400
2/5 51/80
41/100 19/50
167/400 231/400
181/400 183/400
31
4  0 6 4 3
3  1 2 5
3  2 3 7
4  2 7 12 5
3  3 4 7
3  4 6 8
4  4 8 11 7
3  5 12 9
4  6 10 13 8
3  7 11 14
3  7 14 12
4  8 13 15 11
3  9 12 18
3  10 16 13
3  10 19 16
3  11 15 14
3  12 14 20
4  12 20 23 18
3  13 16 15
3  14 15 17
3  14 17 20
4  15 16 22 17
3  16 19 25
3  16 25 22
3  17 22 20
3  18 23 21
3  20 22 26
3  20 24 23
3  20 26 24
3  22 25 27
3  22 27 26
