21
9/26 -31/78
17/39 -7/39
71/156 -23/52
25/52 -11/156
1/2 -1/3
41/78 1/26
85/156 -35/156
22/39 -19/39
23/39 -3/26
95/156 -59/156
17/26 -7/26
109/156 -25/156
28/39 -11/26
29/39 -2/39
119/156 -49/156
61/78 -15/26
21/26 -8/39
43/52 -73/156
133/156 -5/52
34/39 -14/39
25/26 -11/78
24
3  0 2 4
3  1 8 3
3  1 6 8
3  1 4 6
3  2 7 4
3  3 8 5
3  4 10 6
3  4 9 10
3  4 7 9
3  6 10 8
3  7 12 9
3  8 11 13
3  8 10 11
3  9 12 10
3  10 16 11
3  10 14 16
3  10 12 14
3  11 16 13
3  12 19 14
3  12 17 19
3  12 15 17
3  13 16 18
3  14 19 16
3  16 20 18
