21
-1/26 41/78
2/39 29/39
11/156 25/52
5/52 133/156
3/26 23/39
11/78 25/26
25/156 109/156
7/39 17/39
8/39 21/26
35/156 85/156
7/26 17/26
49/156 119/156
1/3 1/2
14/39 34/39
59/156 95/156
31/78 9/26
11/26 28/39
23/52 71/156
73/156 43/52
19/39 22/39
15/26 61/78
24
3  0 2 4
3  1 4 6
3  1 8 3
3  1 6 8
3  2 7 4
3  3 8 5
3  4 7 9
3  4 10 6
3  4 9 10
3  6 10 8
3  7 12 9
3  8 10 11
3  8 11 13
3  9 12 10
3  10 12 14
3  10 16 11
3  10 14 16
3  11 16 13
3  12 15 17
3  12 19 14
3  12 17 19
3  13 16 18
3  14 19 16
3  16 20 18
