21
13/34 -37/102
23/51 -7/51
33/68 -5/204
101/204 -27/68
53/102 3/34
9/17 -29/102
115/204 -35/204
61/102 -1/17
31/51 -22/51
131/204 -65/204
23/34 -7/34
145/204 -19/204
38/51 1/51
77/102 -6/17
161/204 -49/204
14/17 -13/102
5/6 -1/2
175/204 -1/68
59/68 -79/204
46/51 -14/51
33/34 -5/102
24
3  0 3 5
3  1 7 2
3  1 6 7
3  1 5 6
3  2 7 4
3  3 8 5
3  5 10 6
3  5 9 10
3  5 8 9
3  6 10 7
3  7 11 12
3  7 10 11
3  8 13 9
3  9 13 10
3  10 15 11
3  10 14 15
3  10 13 14
3  11 15 12
3  12 15 17
3  13 19 14
3  13 18 19
3  13 16 18
3  14 19 15
3  15 20 17
