21
13/34 37/102
5/12 1/4
23/51 7/51
53/102 -3/34
9/17 29/102
115/204 35/204
61/102 1/17
31/51 22/51
43/68 -11/204
131/204 65/204
23/34 7/34
145/204 19/204
49/68 95/204
38/51 -1/51
77/102 6/17
161/204 49/204
14/17 13/102
5/6 1/2
46/51 14/51
191/204 11/68
33/34 5/102
24
3  0 1 4
3  1 2 4
3  2 5 4
3  2 6 5
3  3 8 6
3  4 9 7
3  4 5 10
3  4 10 9
3  5 6 10
3  6 11 10
3  6 8 13
3  6 13 11
3  7 9 14
3  7 14 12
3  9 10 14
3  10 15 14
3  10 11 16
3  10 16 15
3  11 13 16
3  12 14 17
3  14 15 18
3  15 16 18
3  16 19 18
3  16 20 19
