21
-3/34 53/102
-1/51 38/51
1/68 175/204
5/204 33/68
5/102 33/34
1/17 61/102
19/204 145/204
13/102 14/17
7/51 23/51
35/204 115/204
7/34 23/34
49/204 161/204
14/51 46/51
29/102 9/17
65/204 131/204
6/17 77/102
37/102 13/34
79/204 59/68
27/68 101/204
22/51 31/51
1/2 5/6
24
3  0 3 5
3  1 5 6
3  1 7 2
3  1 6 7
3  2 7 4
3  3 8 5
3  5 8 9
3  5 10 6
3  5 9 10
3  6 10 7
3  7 10 11
3  7 11 12
3  8 13 9
3  9 13 10
3  10 13 14
3  10 15 11
3  10 14 15
3  11 15 12
3  12 15 17
3  13 16 18
3  13 19 14
3  13 18 19
3  14 19 15
3  15 20 17
