89
-1/10 1/10
-1/10 3/20
-1/10 1/5
-1/10 1/4
-1/10 3/10
-1/12 13/60
-2/25 21/100
-3/40 1/8
-3/40 3/20
-3/40 1/5
-3/40 9/40
-3/40 11/40
-1/15 2/15
-1/15 13/60
-1/15 4/15
-1/20 1/10
-1/20 3/20
-1/20 1/5
-1/20 9/40
-1/20 1/4
-1/20 11/40
-1/20 3/10
-1/25 23/100
-1/30 1/6
-1/30 13/60
-1/30 7/30
-3/100 4/25
-3/100 21/100
-1/40 1/8
-1/40 3/20
-1/40 7/40
-1/40 1/5
-1/40 9/40
-1/60 7/60
-1/60 2/15
-1/60 1/6
-1/60 11/60
-1/60 13/60
-1/100 3/25
-1/100 17/100
0/1 1/10
0/1 1/8
0/1 3/20
0/1 7/40
0/1 1/5
0/1 9/40
0/1 1/4
0/1 11/40
0/1 3/10
1/100 23/100
1/100 7/25
1/60 11/60
1/60 13/60
1/60 7/30
1/60 4/15
1/60 17/60
1/40 7/40
1/40 1/5
1/40 9/40
1/40 1/4
1/40 11/40
3/100 19/100
3/100 6/25
1/30 1/6
1/30 11/60
1/30 7/30
1/25 17/100
1/20 1/10
1/20 1/8
1/20 3/20
1/20 7/40
1/20 1/5
1/20 1/4
1/20 3/10
1/15 2/15
1/15 11/60
1/15 4/15
3/40 1/8
3/40 7/40
3/40 1/5
3/40 1/4
3/40 11/40
2/25 19/100
1/12 11/60
1/10 1/10
1/10 3/20
1/10 1/5
1/10 1/4
1/10 3/10
112
3  0 15 7
4  1 7 12 8
3  1 8 2
3  2 8 16
3  2 16 9
3  2 5 3
3  2 6 5
3  2 9 6
3  3 5 10
4  3 10 19 14
3  3 11 4
3  3 14 11
4  5 6 13 10
4  6 9 17 13
3  7 15 12
3  8 12 16
4  9 16 23 17
4  10 13 18 19
4  11 14 20 21
4  12 15 28 16
3  13 17 18
3  14 19 20
3  15 33 28
3  15 40 33
4  16 28 34 29
3  16 26 23
3  16 29 26
3  17 23 30
4  17 30 36 31
4  17 24 22 18
3  17 27 24
3  17 31 27
3  18 22 19
3  19 22 25
4  19 25 46 47
3  19 48 20
3  19 47 48
3  20 48 21
4  22 24 32 25
4  23 26 35 30
4  24 27 37 32
3  25 32 46
4  26 29 42 35
4  27 31 44 37
4  28 33 38 34
3  29 34 42
4  30 35 39 36
3  31 36 44
4  32 37 45 46
3  33 40 38
4  34 38 41 42
3  35 42 39
4  36 39 43 44
3  37 44 45
3  38 40 41
3  39 42 43
3  40 69 41
3  40 68 69
3  40 67 68
4  41 69 63 42
4  42 56 51 43
3  42 63 56
3  43 51 44
4  44 52 49 45
4  44 51 61 57
3  44 57 52
3  45 49 46
3  46 49 53
4  46 54 50 47
4  46 53 62 59
3  46 59 54
3  47 50 48
3  48 50 55
3  48 55 73
4  49 52 58 53
4  50 54 60 55
4  51 56 64 61
4  52 57 71 58
4  53 58 65 62
4  54 59 72 60
3  55 60 73
4  56 63 66 64
3  57 61 71
3  58 71 65
3  59 62 72
4  60 72 76 73
3  61 64 71
3  62 65 72
3  63 69 66
4  64 66 70 71
4  65 71 79 72
3  66 69 70
4  67 77 74 68
3  68 74 69
4  69 78 75 70
4  69 74 85 78
3  70 75 71
4  71 75 82 79
3  72 79 86
3  72 86 80
3  72 80 76
3  73 76 81
3  73 81 88
3  74 77 85
4  75 78 83 82
4  76 80 87 81
3  77 84 85
3  78 85 83
3  79 82 86
3  80 86 87
3  82 83 86
3  83 85 86
