99
-3188/2075 129/50
-1034/675 1738/675
-153/100 517/200
-160316/109475 542349/218950
-154396864/106108525 527787171/212217050
-154304/106325 527931/212650
-134167/93375 481663/186750
-2459/1725 16927/6900
-7508/5325 25937/10650
-402191/285900 705787/285900
-1890827/1344300 3321439/1344300
-40426651/28805025 48064213/19203350
-1776910541/1269909975 19404782747/7619459850
-66631/47650 548089/214425
-8663617957/6220285200 2978305367/1166303475
-13626125/9814574 2282675/892234
-11/8 5/2
-584/425 2301/850
-268987/195800 122171/48950
-8181311/5960225 30697279/11920450
-1266247/923800 577001/230950
-7021118269/5140482775 856455511/331644050
-61/45 73/30
-851521/633850 3462219/1267700
-20281831/15140400 798029/315425
-763277/571800 180683/71475
-432/325 1523/650
-2914493/2195450 11294977/4390900
-431/325 892/325
-11632677/8781800 5568441/2195450
-940279/711775 3744481/1423550
-9592/7275 33913/14550
-18778/14295 200371/85770
-14283709/10874275 57381501/21748550
-84386/64325 901337/385950
-2286361/1751600 37771041/14012800
-13587305527/10453318450 27733530239/10453318450
-970767/751825 12009389/4510950
-184217/142775 738413/285550
-20017/15550 20072/7775
-6060139/4718850 24251671/9437700
-4842/3775 8644/3775
-1770461/1381850 3693627/1381850
-6881/5372 13819/5372
-5147/4025 20683/8050
-14273/11225 57447/22450
-117777/92875 19701573/7615750
-24338909/19203350 24831519/9601675
-24728157/19531300 50481249/19531300
-10873/8600 14927/6450
-60181/47650 246559/95300
-15459691/12243500 31597887/12243500
-8669117/6868750 35281713/13737500
-36555011/28969000 314607/122750
-451051/357700 909857/357700
-137336/109025 6771623/2616600
-719723/571800 178267/71475
-1230529/979000 54637/22250
-32021/25500 4894313/2014500
-1378199/1097725 2830068/1097725
-358637/285900 686459/285900
-5801977/4627750 5948157/2313875
-2147209/1713300 4070713/1713300
-8132449/6495250 33355061/12990500
-42992717/34343750 88168869/34343750
-848079/677800 395107/169450
-907/725 3723/1450
-9531/7624 4399/1906
-671219/546000 1325983/546000
-34966/28525 9066/4075
-284101/233250 2562094/1049625
-31707/26150 291083/117675
-93037/77400 1712581/696600
-798524/664975 3024811/1329950
-170857/142950 528761/214425
-8253/6950 7748/3475
-34630109/29209600 199786189/87628800
-216744/182975 844141/365950
-59/50 182/75
-59877/51775 127264/51775
-194899/168725 1596247/674900
-10471/9100 95113/36400
-53594978/48126325 17073809/7404050
-147119/132725 318508/132725
-8588537246/7941204275 37595101469/15882408550
-27/25 64/25
-5272/4925 11054/4925
-12613724632/12011442425 55950214773/24022884850
-120354/115475 535681/230950
-117828046/113641775 40803763/17483350
-18255148/17801425 42163736/17801425
-128/125 296/125
-48571/47650 125947/47650
-396883/401325 904906/401325
-6037112794/6310686225 9972417197/4207124150
-27021407731/28292395025 3110216413/1315925350
-11783025904/12409986475 58057850381/24819972950
-8840086/9458525 44851229/18917050
-1968251/2112400 1194583/528100
95
4  0 3 4 1
3  0 1 2
7  1 4 12 13 15 19 6
3  1 6 2
5  2 6 21 30 17
3  3 5 4
4  4 5 11 12
4  5 7 10 11
3  6 19 21
3  7 8 9
3  7 9 10
3  8 26 22
4  8 22 18 9
4  9 18 16 10
6  10 16 20 25 24 11
4  11 24 14 12
3  12 14 13
3  13 14 15
6  14 24 29 40 27 15
3  15 27 19
3  16 18 20
3  17 30 33
4  17 33 36 23
5  18 22 58 57 20
5  19 27 39 38 21
4  20 57 56 25
3  21 38 30
5  22 26 32 60 58
4  23 36 37 35
3  23 35 28
3  24 25 29
5  25 56 54 45 29
3  26 31 32
4  27 40 43 39
6  28 35 42 37 55 81
4  29 45 44 40
4  30 38 46 33
4  31 41 49 34
3  31 34 32
4  32 34 62 60
4  33 46 50 36
4  34 49 65 62
3  35 37 42
4  36 50 55 37
4  38 39 47 46
4  39 43 48 47
3  40 44 43
7  41 69 73 77 78 65 67
3  41 67 49
5  43 44 52 51 48
4  44 45 53 52
3  45 54 53
3  46 47 50
3  47 48 50
3  48 51 50
3  49 67 65
3  50 51 61
4  50 61 66 59
3  50 59 55
4  51 52 63 61
4  52 53 64 63
5  53 54 71 74 64
3  54 56 71
5  55 59 79 85 81
5  56 57 70 72 71
4  57 58 68 70
3  58 60 68
7  59 66 64 74 72 78 79
4  60 62 78 68
3  61 63 66
3  62 65 78
3  63 64 66
3  68 78 70
3  69 75 73
3  70 78 72
3  71 72 74
3  73 75 76
3  73 76 77
4  75 86 82 76
4  76 82 80 77
5  77 80 84 83 78
3  78 83 79
7  79 83 90 94 92 81 85
4  80 82 87 84
4  82 86 88 87
3  83 84 90
5  84 87 89 91 90
3  86 93 88
3  87 88 89
5  88 93 96 95 89
5  89 95 94 90 91
3  93 98 96
3  94 95 97
3  95 96 97
3  96 98 97
