148
4/5 -1257/23765
4/5 92/2233
4/5 164/3395
4/5 86/1575
4/5 3553/23765
1037772/1287595 86428/1802633
388/481 164/3367
163012/201841 338004/7064435
119052/139195 412/3977
1584771/1802633 -86732/1802633
14951/16835 -28/481
8031599/9013165 37084/257519
15156/16835 69/481
6364871/7064435 -330586/7064435
3035/3367 524/3367
20269/22330 -49/1200
3076/3367 -155/3367
1294523/1412887 1006594/7064435
931969/974365 467/194873
251133/257519 106149/1802633
1271057/1287595 66707/1802633
2497/2520 92/2233
2393/2405 123/3367
1/1 -2118/23765
1/1 -1544/23765
1/1 -2/49
1/1 0/1
1/1 23/2233
1/1 43/3150
1/1 69/2233
1/1 123/3395
1/1 43/1050
1/1 115/2233
1/1 2/35
1/1 41/679
1/1 43/630
1/1 9/100
2409/2405 41/3367
3404/3395 37/679
291/290 123/2030
683/679 214/3395
70957/70497 23/7833
485/481 205/3367
8166967/8097635 34395/1619527
23969/23765 1154/23765
2543/2520 0/1
2543/2520 46/2233
17007/16835 387/84175
141119/139195 103/3977
11337/11165 0/1
11337/11165 86/1575
1307981/1287595 23493/1802633
23959/23499 23/2611
1315677/1287595 62935/1802633
24288/23765 167/4753
3261/3190 779/22330
1038/1015 81/1015
24313/23765 162/4753
1032953/1009205 436609/7064435
1184401/1156805 281711/8097635
361082/352485 619/7833
863/840 0/1
1666115/1619527 69257/1619527
11509/11165 43/1050
5455/5291 369/26455
17453/16835 24741/336700
209669/201841 239399/7064435
211/203 18/1015
203153/194873 -7337/194873
417/400 41/2800
1880136/1802633 -68897/1802633
1689367/1619527 -61886/1619527
214/205 29/287
242209/231361 102377/1619527
370282/352485 527/7833
3539/3367 387/16835
1066321/1009205 450713/7064435
160112/151515 389/3367
37/35 0/1
37/35 369/23765
37/35 37/2100
37/35 9/350
37/35 779/23765
37/35 1517/23765
37/35 9/140
8563623/8097635 -302378/8097635
36666/34655 2214/34655
245093/231361 126813/8097635
408/385 9/77
1911370/1802633 -9573/257519
8668256/8097635 -112111/1619527
7423/6931 1107/34655
1043697/974365 -9627/194873
9664594/9013165 239867/1802633
2405/2233 0/1
1524055/1412887 -492536/7064435
9766892/9013165 -151553/1802633
7683191/7064435 119656/1009205
18346/16835 -237/3367
24391/22330 -1717/25200
18402/16835 -319/3367
1772023/1619527 -675642/8097635
7737063/7064435 -499588/7064435
18458/16835 401/3367
11/10 -319/3600
11/10 -3949/47530
11/10 -1889/25200
11/10 -675/9506
11/10 -103/1680
11/10 -1653/47530
11/10 -57/2800
11/10 0/1
11/10 123/6790
11/10 41/1358
11/10 9/200
1427/1295 34/259
3714/3367 565/3367
18663/16835 -278/3367
10021667/9013165 216374/1802633
3755/3367 -114/3367
10075539/9013165 -129946/1802633
7997866/7064435 -231981/7064435
1621122/1412887 907989/7064435
1332974/1156805 563422/8097635
1868623/1619527 -51062/1619527
1869090/1619527 992613/8097635
297790/257519 125870/1802633
1347394/1156805 35670/1619527
1504342/1287595 46986/1802633
163186/139195 206/3977
1489/1260 92/2233
9578498/8097635 68790/1619527
1207198/1009205 169002/7064435
2878/2405 82/3367
1541266/1287595 43214/1802633
6/5 -1831/23765
6/5 -683/23765
6/5 46/2233
6/5 82/3395
6/5 43/1575
6/5 138/2233
6/5 246/3395
6/5 43/525
6/5 2979/23765
582/481 246/3367
4393/3367 606/3367
4434/3367 -73/3367
679/481 41/481
147
3  0 9 1
3  0 10 9
3  1 5 2
6  1 9 13 15 7 5
3  2 6 3
3  2 5 6
4  3 8 11 4
3  3 6 8
3  4 11 14
3  5 7 6
4  6 19 12 8
5  6 7 20 21 19
4  7 15 18 20
3  8 12 11
3  9 10 13
5  10 24 25 16 13
4  11 12 17 14
5  12 19 34 35 17
3  13 16 15
4  14 17 93 116
3  15 16 18
8  16 25 26 27 28 29 22 18
5  17 35 36 77 93
3  18 22 20
5  19 21 32 33 34
3  20 22 21
4  21 22 31 32
3  22 30 31
3  22 29 30
4  23 96 90 24
3  23 100 96
4  24 90 70 25
4  25 70 68 26
3  26 41 27
3  26 45 41
3  26 68 45
3  27 37 28
4  27 41 47 37
3  28 43 29
4  28 37 46 43
5  29 43 48 53 30
5  30 53 54 44 31
4  31 44 38 32
3  32 38 33
3  33 39 34
4  33 38 42 39
4  34 39 40 35
4  35 40 56 36
4  36 56 72 77
3  37 51 46
4  37 47 52 51
4  38 44 50 42
3  39 42 40
4  40 42 60 56
4  41 45 49 47
4  42 58 65 60
3  42 50 58
3  43 46 48
4  44 54 62 50
5  45 68 71 85 49
6  46 51 64 67 57 48
4  47 49 61 52
4  48 57 55 53
4  49 85 89 61
4  50 62 73 58
3  51 52 64
5  52 61 78 69 64
3  53 55 54
5  54 55 59 63 62
3  55 57 59
3  56 60 72
5  57 67 75 66 59
4  58 73 74 65
3  59 66 63
5  60 65 97 88 72
6  61 89 109 110 94 78
4  62 63 76 73
5  63 66 82 83 76
3  64 69 67
4  65 74 103 97
4  66 75 81 82
5  67 69 79 80 75
3  68 70 71
3  69 78 79
4  70 90 95 71
5  71 95 98 92 85
3  72 88 77
4  73 76 84 74
5  74 84 86 123 103
3  75 80 81
3  76 83 84
5  77 88 97 115 93
4  78 94 87 79
3  79 87 80
6  80 87 112 113 91 81
3  81 91 82
5  82 91 114 86 83
3  83 86 84
3  85 92 89
7  86 114 113 128 130 129 123
4  87 94 111 112
5  89 92 99 108 109
4  90 96 101 95
3  91 113 114
3  92 98 99
4  93 115 122 116
3  94 110 111
6  95 101 105 106 102 98
4  96 100 104 101
4  97 103 118 115
3  98 102 99
4  99 102 107 108
3  101 104 105
3  102 106 107
4  103 123 126 118
3  105 117 106
4  106 117 120 107
5  107 120 124 121 108
4  108 121 119 109
3  109 119 110
5  110 119 127 112 111
4  112 127 128 113
4  115 118 125 122
6  116 122 143 142 144 145
3  117 135 120
5  118 126 141 142 125
4  119 121 132 127
4  120 135 136 124
5  121 124 137 134 132
3  122 125 143
3  123 129 126
3  124 136 137
3  125 142 143
5  126 129 131 140 141
4  127 132 133 128
3  128 133 130
3  129 130 131
4  130 133 139 131
3  131 139 140
3  132 134 133
3  133 138 139
3  133 134 138
3  134 137 138
7  136 146 144 140 139 138 137
3  140 144 141
3  141 144 142
4  144 146 147 145
